244552,0.00
244562,0.00
244572,0.00
244582,0.00
244592,0.00
244602,0.00
244612,0.00
244622,0.00
244632,0.00
244642,0.00
244652,0.00
244662,0.00
244672,0.00
244682,0.00
244692,0.00
244702,0.00
244712,0.00
244722,0.00
244732,0.00
244742,0.00
244752,0.00
244762,0.00
244772,0.00
244782,0.00
244792,0.00
244802,0.00
244812,0.00
244822,0.00
244832,0.00
244842,0.00
244852,0.00
244862,0.00
244872,0.00
244882,0.00
244892,0.00
244902,0.00
244912,0.00
244922,0.00
244932,0.00
244942,0.00
244952,0.00
244962,0.00
244972,0.00
244982,0.00
244992,0.00
245002,0.00
245012,0.00
245022,0.00
245032,0.00
245042,0.00
245052,0.00
245062,0.00
245072,0.00
245082,0.00
245092,0.00
245102,0.00
245112,0.00
245122,0.00
245132,0.00
245142,0.00
245152,0.00
245162,0.00
245172,0.00
245182,0.00
245192,0.00
245202,0.00
245212,0.00
245222,0.00
245232,0.00
245242,0.00
245252,0.00
245262,0.00
245272,0.00
245282,0.00
245292,0.00
245302,0.00
245312,0.00
245322,0.00
245332,0.00
245342,0.00
245352,0.00
245362,0.00
245372,0.00
245382,0.00
245392,0.00
245402,0.00
245412,0.00
245422,0.00
245432,0.00
245442,0.00
245452,0.00
245462,0.00
245472,0.00
245482,0.00
245492,0.00
245502,0.00
245512,0.00
245522,0.00
245532,0.00
245542,0.00
245552,0.00
245562,0.00
245572,0.00
245582,0.00
245592,0.00
245602,0.00
245612,0.00
245622,0.00
245632,0.00
245642,0.00
245652,0.00
245662,0.00
245672,0.00
245682,0.00
245692,0.00
245702,0.00
245712,0.00
245722,0.00
245732,0.00
245742,0.00
245752,0.00
245762,0.00
245772,0.00
245782,0.00
245792,0.00
245802,0.00
245812,0.00
245822,0.00
245832,0.00
245842,0.00
245852,0.00
245862,0.00
245872,0.00
245882,0.00
245892,0.00
245902,0.00
245912,0.00
245922,0.00
245932,0.00
245942,0.00
245952,0.00
245962,0.00
245972,0.00
245982,0.00
245992,0.00
246002,0.00
246012,0.00
246022,0.00
246032,0.00
246042,0.00
246052,0.00
246062,0.00
246072,0.00
246082,0.00
246092,0.00
246102,0.00
246112,0.00
246122,0.00
246132,0.00
246142,0.00
246152,0.00
246162,0.00
246172,0.00
246182,0.00
246192,0.00
246202,0.00
246212,0.00
246222,0.00
246232,0.00
246242,0.00
246252,0.00
246262,0.00
246272,0.00
246282,0.00
246292,0.00
246302,0.00
246312,0.00
246322,0.00
246332,0.00
246342,0.00
246352,0.00
246362,0.00
246372,0.00
246382,0.00
246392,0.00
246402,0.00
246412,0.00
246422,0.00
246432,0.00
246442,0.00
246452,0.00
246462,0.00
246472,0.00
246482,0.00
246492,0.00
246502,0.00
246512,0.00
246522,0.00
246532,0.00
246542,0.00
246552,0.00
246562,0.00
246572,0.00
246582,0.00
246592,0.00
246602,0.00
246612,0.00
246622,0.00
246632,0.00
246642,0.00
246652,0.00
246662,0.00
246672,0.00
246682,0.00
246692,0.00
246702,0.00
246712,0.00
246722,0.00
246732,0.00
246742,0.00
246752,0.00
246762,0.00
246772,0.00
246782,0.00
246792,0.00
246802,0.00
246812,0.00
246822,0.00
246832,0.00
246842,0.00
246852,0.00
246862,0.00
246872,0.00
246882,0.00
246892,0.00
246902,0.00
246912,0.00
246922,0.00
246932,0.00
246942,0.00
246952,0.00
246962,0.00
246972,0.00
246982,0.00
246992,0.00
247002,0.00
247012,0.00
247022,0.00
247032,0.00
247042,0.00
247052,0.00
247062,0.00
247072,0.00
247082,0.00
247092,0.00
247102,0.00
247112,0.00
247122,0.00
247132,0.00
247142,0.00
247152,0.00
247162,0.00
247172,0.00
247182,0.00
247192,0.00
247202,0.00
247212,0.00
247222,0.00
247232,0.00
247242,0.00
247252,0.00
247262,0.00
247272,0.00
247282,0.00
247292,0.00
247302,0.00
247312,0.00
247322,0.00
247332,0.00
247342,0.00
247352,0.00
247362,0.00
247372,0.00
247382,0.00
247392,0.00
247402,0.00
247412,0.00
247422,0.00
247432,0.00
247442,0.00
247452,0.00
247462,0.00
247472,0.00
247482,0.00
247492,0.00
247502,0.00
247512,0.00
247522,0.00
247532,0.00
247542,0.00
247552,0.00
247562,0.00
247572,0.00
247582,0.00
247592,0.00
247602,0.00
247612,0.00
247622,0.00
247632,0.00
247642,0.00
247652,0.00
247662,0.00
247672,0.00
247682,0.00
247692,0.00
247702,0.00
247712,0.00
247722,0.00
247732,0.00
247742,0.00
247752,0.00
247762,0.00
247772,0.00
247782,0.00
247792,0.00
247802,0.00
247812,0.00
247822,0.00
247832,0.00
247842,0.00
247852,0.00
247862,0.00
247872,0.00
247882,0.00
247892,0.00
247902,0.00
247912,0.00
247922,0.00
247932,0.00
247942,0.00
247952,0.00
247962,0.00
247972,0.00
247982,0.00
247992,0.00
248002,0.00
248012,0.00
248022,0.00
248032,0.00
248042,0.00
248052,0.00
248062,0.00
248072,0.00
248082,0.00
248092,0.00
248102,0.00
248112,0.00
248122,0.00
248132,0.00
248142,0.00
248152,0.00
248162,0.00
248172,0.00
248182,0.00
248192,0.00
248202,0.00
248212,0.00
248222,0.00
248232,0.00
248242,0.00
248252,0.00
248262,0.00
248272,0.00
248282,0.00
248292,0.00
248302,0.00
248312,0.00
248322,0.00
248332,0.00
248342,0.00
248352,0.00
248362,0.00
248372,0.00
248382,0.00
248392,0.00
248402,0.00
248412,0.00
248422,0.00
248432,0.00
248442,0.00
248452,0.00
248462,0.00
248472,0.00
248482,0.00
248492,0.00
248502,0.00
248512,0.00
248522,0.00
248532,0.00
248542,0.00
248552,0.00
248562,0.00
248572,0.00
248582,0.00
248592,0.00
248602,0.00
248612,0.00
248622,0.00
248632,0.00
248642,0.00
248652,0.00
248662,0.00
248672,0.00
248682,0.00
248692,0.00
248702,0.00
248712,0.00
248722,0.00
248732,0.00
248742,0.00
248752,0.00
248762,0.00
248772,0.00
334836,0.00
334846,0.00
334856,0.00
334866,0.00
334876,0.00
334886,0.00
334896,0.00
334906,0.00
334916,0.00
334926,0.00
334936,0.00
334946,0.00
334956,0.00
334966,0.00
334976,0.00
334986,0.00
334996,0.00
335006,0.00
335016,0.00
335026,0.00
335036,0.00
335046,0.00
335056,0.00
335066,0.00
335076,0.00
335086,0.00
335096,0.00
335106,0.00
335116,0.00
335126,0.00
335136,0.00
335146,0.00
335156,0.00
335166,0.00
335176,0.00
335186,0.00
335196,0.00
335206,0.00
335216,0.00
335226,0.00
335236,0.00
335246,0.00
335256,0.00
335266,0.00
335276,0.00
335286,0.00
335296,0.00
335306,0.00
335316,0.00
335326,0.00
335336,0.00
335346,0.00
335356,0.00
335366,0.00
335376,0.00
335386,0.00
335396,0.00
335406,0.00
335416,0.00
335426,0.00
335436,0.00
335446,0.00
335456,0.00
335466,0.00
335476,0.00
335486,0.00
335496,0.00
335506,0.00
335516,0.00
335526,0.00
335536,0.00
335546,0.00
335556,0.00
335566,0.00
335576,0.00
335586,0.00
335596,0.00
335606,0.00
335616,0.00
335626,0.00
335636,0.00
335646,0.00
335656,0.00
335666,0.00
335676,0.00
335686,0.00
335696,0.00
335706,0.00
335716,0.00
335726,0.00
335736,0.00
335746,0.00
335756,0.00
335766,0.00
335776,0.00
335786,0.00
335796,0.00
335806,0.00
335816,0.00
335826,0.00
335836,0.00
335846,0.00
335856,0.00
335866,0.00
335876,0.00
335886,0.00
335896,0.00
335906,0.00
335916,0.00
335926,0.00
335936,0.00
335946,0.00
335956,0.00
335966,0.00
335976,0.00
335986,0.00
335996,0.00
336006,0.00
336016,0.00
336026,0.00
336036,0.00
336046,0.00
336056,0.00
336066,0.00
336076,0.00
336086,0.00
336096,0.00
336106,0.00
336116,0.00
336126,0.00
336136,0.00
336146,0.00
336156,0.00
336166,0.00
336176,0.00
336186,0.00
336196,0.00
336206,0.00
336216,0.00
336226,0.00
336236,0.00
336246,0.00
336256,0.00
336266,0.00
336276,0.00
336286,0.00
336296,0.00
336306,0.00
336316,0.00
336326,0.00
336336,0.00
336346,0.00
336356,0.00
336366,0.00
336376,0.00
336386,0.00
336396,0.00
336406,0.00
336416,0.00
336426,0.00
336436,0.00
336446,0.00
336456,0.00
336466,0.00
336476,0.00
336486,0.00
336496,0.00
336506,0.00
336516,0.00
336526,0.00
336536,0.00
336546,0.00
336556,0.00
336566,0.00
336576,0.00
336586,0.00
336596,0.00
336606,0.00
336616,0.00
336626,0.00
336636,0.00
336646,0.00
336656,0.00
336666,0.00
336676,0.00
336686,0.00
336696,0.00
336706,0.00
336716,0.00
336726,0.00
336736,0.00
336746,0.00
336756,0.00
336766,0.00
336776,0.00
336786,0.00
336796,0.00
336806,0.00
336816,0.00
336826,0.00
336836,0.00
336846,0.00
336856,0.00
336866,0.00
336876,0.00
336886,0.00
336896,0.00
336906,0.00
336916,0.00
336926,0.00
336936,0.00
336946,0.00
336956,0.00
336966,0.00
336976,0.00
336986,0.00
336996,0.00
337006,0.00
337016,0.00
337026,0.00
337036,0.00
337046,0.00
337056,0.00
337066,0.00
337076,0.00
337086,0.00
337096,0.00
337106,0.00
337116,0.00
337126,0.00
337136,0.00
337146,0.00
337156,0.00
337166,0.00
337176,0.00
337186,0.00
337196,0.00
337206,0.00
337216,0.00
337226,0.00
337236,0.00
337246,0.00
337256,0.00
337266,0.00
337276,0.00
337286,0.00
337296,0.00
337306,0.00
337316,0.00
337326,0.00
337336,0.00
337346,0.00
337356,0.00
337366,0.00
337376,0.00
337386,0.00
337396,0.00
337406,0.00
337416,0.00
337426,0.00
337436,0.00
337446,0.00
337456,0.00
337466,0.00
337476,0.00
337486,0.00
337496,0.00
337506,0.00
337516,0.00
337526,0.00
337536,0.00
337546,0.00
337556,0.00
337566,0.00
337576,0.00
337586,0.00
337596,0.00
337606,0.00
337616,0.00
337626,0.00
337636,0.00
337646,0.00
337656,0.00
337666,0.00
337676,0.00
337686,0.00
337696,0.00
337706,0.00
337716,0.00
337726,0.00
337736,0.00
337746,0.00
337756,0.00
337766,0.00
337776,0.00
337786,0.00
337796,0.00
337806,0.00
337816,0.00
337826,0.00
337836,0.00
337846,0.00
337856,0.00
337866,0.00
337876,0.00
337886,0.00
337896,0.00
337906,0.00
337916,0.00
337926,0.00
337936,0.00
337946,0.00
337956,0.00
337966,0.00
337976,0.00
337986,0.00
337996,0.00
338006,0.00
338016,0.00
338026,0.00
338036,0.00
338046,0.00
338056,0.00
338066,0.00
338076,0.00
338086,0.00
338096,0.00
338106,0.00
338116,0.00
338126,0.00
338136,0.00
338146,0.00
338156,0.00
338166,0.00
338176,0.00
338186,0.00
338196,0.00
338206,0.00
338216,0.00
338226,0.00
338236,0.00
338246,0.00
338256,0.00
338266,0.00
338276,0.00
338286,0.00
338296,0.00
338306,0.00
338316,0.00
338326,0.00
338336,0.00
338346,0.00
338356,0.00
338366,0.00
338376,0.00
338386,0.00
338396,0.00
338406,0.00
338416,0.00
338426,0.00
338436,0.00
338446,0.00
338456,0.00
338466,0.00
338476,0.00
338486,0.00
338496,0.00
338506,0.00
338516,0.00
338526,0.00
338536,0.00
338546,0.00
338556,0.00
338566,0.00
338576,0.00
338586,0.00
338596,0.00
338606,0.00
338616,0.00
338626,0.00
338636,0.00
338646,0.00
338656,0.00
338666,0.00
338676,0.00
338686,0.00
338696,0.00
338706,0.00
338716,0.00
338726,0.00
338736,0.00
338746,0.00
338756,0.00
338766,0.00
338776,0.00
338786,0.00
338796,0.00
338806,0.00
338816,0.00
338826,0.00
338836,0.00
338846,0.00
338856,0.00
338866,0.00
338876,0.00
338886,0.00
338896,0.00
338906,0.00
338916,0.00
338926,0.00
338936,0.00
338946,0.00
338956,0.00
338966,0.00
338976,0.00
338986,0.00
338996,0.00
339006,0.00
339016,0.00
339026,0.00
339036,0.00
339046,0.00
339056,0.00
339066,0.00
339076,0.00
339086,0.00
339096,0.00
339106,0.00
339116,0.00
339126,0.00
339136,0.00
339146,0.00
339156,0.00
339166,0.00
339176,0.00
339186,0.00
339196,0.00
339206,0.00
339216,0.00
339226,0.00
339236,0.00
339246,0.00
339256,0.00
339266,0.00
339276,0.00
339286,0.00
339296,0.00
339306,0.00
339316,0.00
339326,0.00
339336,0.00
339346,0.00
339356,0.00
339366,0.00
339376,0.00
339386,0.00
339396,0.00
339406,0.00
339416,0.00
339426,0.00
339436,0.00
339446,0.00
339456,0.00
339466,0.00
339476,0.00
339486,0.00
339496,0.00
339506,0.00
339516,0.00
339526,0.00
339536,0.00
339546,0.00
339556,0.00
339566,0.00
339576,0.00
339586,0.00
339596,0.00
339606,0.00
339616,0.00
339626,0.00
339636,0.00
339646,0.00
339656,0.00
339666,0.00
339676,0.00
339686,0.00
339696,0.00
339706,0.00
339716,0.00
339726,0.00
339736,0.00
339746,0.00
339756,0.00
339766,0.00
339776,0.00
339786,0.00
339796,0.00
339806,0.00
339816,0.00
339826,0.00
339836,0.00
339846,0.00
339856,0.00
339866,0.00
339876,0.00
339886,0.00
339896,0.00
339906,0.00
339916,0.00
339926,0.00
339936,0.00
339946,0.00
339956,0.00
339966,0.00
339976,0.00
339986,0.00
339996,0.00
340006,0.00
340016,0.00
340026,0.00
340036,0.00
340046,0.00
340056,0.00
340066,0.00
340076,0.00
340086,0.00
340096,0.00
340106,0.00
340116,0.00
340126,0.00
340136,0.00
340146,0.00
340156,0.00
340166,0.00
340176,0.00
340186,0.00
340196,0.00
340206,0.00
340216,0.00
340226,0.00
340236,0.00
340246,0.00
340256,0.00
340266,0.00
340276,0.00
340286,0.00
340296,0.00
340306,0.00
340316,0.00
340326,0.00
340336,0.00
340346,0.00
340356,0.00
340366,0.00
340376,0.00
340386,0.00
340396,0.00
340406,0.00
340416,0.00
340426,0.00
340436,0.00
340446,0.00
340456,0.00
340466,0.00
340476,0.00
340486,0.00
340496,0.00
340506,0.00
340516,0.00
340526,0.00
340536,0.00
340546,0.00
340556,0.00
340566,0.00
340576,0.00
340586,0.00
340596,0.00
340606,0.00
340616,0.00
340626,0.00
340636,0.00
340646,0.00
340656,0.00
340666,0.00
340676,0.00
340686,0.00
340696,0.00
340706,0.00
340716,0.00
340726,0.00
340736,0.00
340746,0.00
340756,0.00
340766,0.00
340776,0.00
340786,0.00
340796,0.00
340806,0.00
340816,0.00
340826,0.00
340836,0.00
340846,0.00
340856,0.00
340866,0.00
340876,0.00
340886,0.00
340896,0.00
340906,0.00
340916,0.00
340926,0.00
340936,0.00
340946,0.00
340956,0.00
340966,0.00
340976,0.00
340986,0.00
340996,0.00
341006,0.00
341016,0.00
341026,0.00
341036,0.00
341046,0.00
341056,0.00
341066,0.00
341076,0.00
341086,0.00
341096,0.00
341106,0.00
341116,0.00
341126,0.00
341136,0.00
341146,0.00
341156,0.00
341166,0.00
341176,0.00
341186,0.00
341196,0.00
341206,0.00
341216,0.00
341226,0.00
341236,0.00
341246,0.00
341256,0.00
341266,0.00
341276,0.00
341286,0.00
341296,0.00
341306,0.00
341316,0.00
341326,0.00
341336,0.00
341346,0.00
341356,0.00
341366,0.00
341376,0.00
341386,0.00
341396,0.00
341406,0.00
341416,0.00
341426,0.00
341436,0.00
341446,0.00
341456,0.00
341466,0.00
341476,0.00
341486,0.00
341496,0.00
341506,0.00
341516,0.00
341526,0.00
341536,0.00
341546,0.00
341556,0.00
341566,0.00
341576,0.00
341586,0.00
341596,0.00
341606,0.00
341616,0.00
341626,0.00
341636,0.00
341646,0.00
341656,0.00
341666,0.00
341676,0.00
341686,0.00
341696,0.00
341706,0.00
341716,0.00
341726,0.00
341736,0.00
341746,0.00
341756,0.00
341766,0.00
341776,0.00
341786,0.00
341796,0.00
341806,0.00
341816,0.00
341826,0.00
341836,0.00
341846,0.00
341856,0.00
341866,0.00
341876,0.00
341886,0.00
341896,0.00
341906,0.00
341916,0.00
341926,0.00
341936,0.00
341946,0.00
341956,0.00
341966,0.00
341976,0.00
341986,0.00
341996,0.00
342006,0.00
342016,0.00
342026,0.00
342036,0.00
342046,0.00
342056,0.00
342066,0.00
342076,0.00
342086,0.00
342096,0.00
342106,0.00
342116,0.00
342126,0.00
342136,0.00
342146,0.00
342156,0.00
342166,0.00
342176,0.00
342186,0.00
342196,0.00
342206,0.00
342216,0.00
342226,0.00
342236,0.00
342246,0.00
342256,0.00
342266,0.00
342276,0.00
342286,0.00
342296,0.00
342306,0.00
342316,0.00
342326,0.00
342336,0.00
342346,0.00
342356,0.00
342366,0.00
342376,0.00
342386,0.00
342396,0.00
342406,0.00
342416,0.00
342426,0.00
342436,0.00
342446,0.00
342456,0.00
342466,0.00
342476,0.00
342486,0.00
342496,0.00
342506,0.00
342516,0.00
342526,0.00
342536,0.00
342546,0.00
342556,0.00
342566,0.00
342576,0.00
342586,0.00
342596,0.00
342606,0.00
342616,0.00
342626,0.00
342636,0.00
342646,0.00
342656,0.00
342666,0.00
342676,0.00
342686,0.00
342696,0.00
342706,0.00
342716,0.00
342726,0.00
342736,0.00
342746,0.00
342756,0.00
342766,0.00
342776,0.00
342786,0.00
342796,0.00
342806,0.00
342816,0.00
342826,0.00
342836,0.00
342846,0.00
342856,0.00
342866,0.00
342876,0.00
342886,0.00
342896,0.00
342906,0.00
342916,0.00
342926,0.00
342936,0.00
342946,0.00
342956,0.00
342966,0.00
342976,0.00
342986,0.00
342996,0.00
343006,0.00
343016,0.00
343026,0.00
343036,0.00
343046,0.00
343056,0.00
343066,0.00
343076,0.00
343086,0.00
343096,0.00
343106,0.00
343116,0.00
343126,0.00
343136,0.00
343146,0.00
343156,0.00
343166,0.00
343176,0.00
343186,0.00
343196,0.00
343206,0.00
343216,0.00
343226,0.00
343236,0.00
343246,0.00
343256,0.00
343266,0.00
343276,0.00
343286,0.00
343296,0.00
343306,0.00
343316,0.00
343326,0.00
343336,0.00
343346,0.00
343356,0.00
343366,0.00
343376,0.00
343386,0.00
343396,0.00
343406,0.00
343416,0.00
343426,0.00
343436,0.00
343446,0.00
343456,0.00
343466,0.00
343476,0.00
343486,0.00
343496,0.00
343506,0.00
343516,0.00
343526,0.00
343536,0.00
343546,0.00
343556,0.00
343566,0.00
343576,0.00
343586,0.00
343596,0.00
343606,0.00
343616,0.00
343626,0.00
343636,0.00
343646,0.00
343656,0.00
343666,0.00
343676,0.00
343686,0.00
343696,0.00
343706,0.00
343716,0.00
343726,0.00
343736,0.00
343746,0.00
343756,0.00
343766,0.00
343776,0.00
343786,0.00
343796,0.00
343806,0.00
343816,0.00
343826,0.00
343836,0.00
343846,0.00
343856,0.00
343866,0.00
343876,0.00
343886,0.00
343896,0.00
343906,0.00
343916,0.00
343926,0.00
343936,0.00
343946,0.00
343956,0.00
343966,0.00
343976,0.00
343986,0.00
343996,0.00
344006,0.00
344016,0.00
344026,0.00
344036,0.00
344046,0.00
344056,0.00
344066,0.00
344076,0.00
344086,0.00
344096,0.00
344106,0.00
344116,0.00
344126,0.00
344136,0.00
344146,0.00
344156,0.00
344166,0.00
344176,0.00
344186,0.00
344196,0.00
344206,0.00
344216,0.00
344226,0.00
344236,0.00
344246,0.00
344256,0.00
344266,0.00
344276,0.00
344286,0.00
344296,0.00
344306,0.00
344316,0.00
344326,0.00
344336,0.00
344346,0.00
344356,0.00
344366,0.00
344376,0.00
344386,0.00
344396,0.00
344406,0.00
344416,0.00
344426,0.00
344436,0.00
344446,0.00
344456,0.00
344466,0.00
344476,0.00
344486,0.00
344496,0.00
344506,0.00
344516,0.00
344526,0.00
344536,0.00
344546,0.00
344556,0.00
344566,0.00
344576,0.00
344586,0.00
344596,0.00
344606,0.00
344616,0.00
344626,0.00
344636,0.00
344646,0.00
344656,0.00
344666,0.00
344676,0.00
344686,0.00
344696,0.00
344706,0.00
344716,0.00
344726,0.00
344736,0.00
344746,0.00
344756,0.00
344766,0.00
344776,0.00
344786,0.00
344796,0.00
344806,0.00
344816,0.00
344826,0.00
344836,0.00
344846,0.00
344856,0.00
344866,0.00
344876,0.00
344886,0.00
344896,0.00
344906,0.00
344916,0.00
344926,0.00
344936,0.00
344946,0.00
344956,0.00
344966,0.00
344976,0.00
344986,0.00
344996,0.00
345006,0.00
345016,0.00
345026,0.00
345036,0.00
345046,0.00
345056,0.00
345066,0.00
345076,0.00
345086,0.00
345096,0.00
345106,0.00
345116,0.00
345126,0.00
345136,0.00
345146,0.00
345156,0.00
345166,0.00
345176,0.00
345186,0.00
345196,0.00
345206,0.00
345216,0.00
345226,0.00
345236,0.00
345246,0.00
345256,0.00
345266,0.00
345276,0.00
345286,0.00
345296,0.00
345306,0.00
345316,0.00
345326,0.00
345336,0.00
345346,0.00
345356,0.00
345366,0.00
345376,0.00
345386,0.00
345396,0.00
345406,0.00
345416,0.00
345426,0.00
345436,0.00
345446,0.00
345456,0.00
345466,0.00
345476,0.00
345486,0.00
345496,0.00
345506,0.00
345516,0.00
345526,0.00
345536,0.00
345546,0.00
345556,0.00
345566,0.00
345576,0.00
345586,0.00
345596,0.00
345606,0.00
345616,0.00
345626,0.00
345636,0.00
345646,0.00
345656,0.00
345666,0.00
345676,0.00
345686,0.00
345696,0.00
345706,0.00
345716,0.00
345726,0.00
345736,0.00
345746,0.00
345756,0.00
345766,0.00
345776,0.00
345786,0.00
345796,0.00
345806,0.00
345816,0.00
345826,0.00
345836,0.00
345846,0.00
345856,0.00
345866,0.00
345876,0.00
345886,0.00
345896,0.00
345906,0.00
345916,0.00
345926,0.00
345936,0.00
345946,0.00
345956,0.00
345966,0.00
345976,0.00
345986,0.00
345996,0.00
346006,0.00
346016,0.00
346026,0.00
346036,0.00
346046,0.00
346056,0.00
346066,0.00
346076,0.00
346086,0.00
346096,0.00
346106,0.00
346116,0.00
346126,0.00
346136,0.00
346146,0.00
346156,0.00
346166,0.00
346176,0.00
346186,0.00
346196,0.00
346206,0.00
346216,0.00
346226,0.00
346236,0.00
346246,0.00
346256,0.00
346266,0.00
346276,0.00
346286,0.00
346296,0.00
346306,0.00
346316,0.00
346326,0.00
346336,0.00
346346,0.00
346356,0.00
346366,0.00
346376,0.00
346386,0.00
346396,0.00
346406,0.00
346416,0.00
346426,0.00
346436,0.00
346446,0.00
346456,0.00
346466,0.00
346476,0.00
346486,0.00
346496,0.00
346506,0.00
346516,0.00
346526,0.00
346536,0.00
346546,0.00
346556,0.00
346566,0.00
346576,0.00
346586,0.00
346596,0.00
346606,0.00
346616,0.00
346626,0.00
346636,0.00
378514,0.00
378524,0.00
378534,0.00
378544,0.00
378554,0.00
378564,0.00
378574,0.00
378584,0.00
378594,0.00
378604,0.00
378614,0.00
378624,0.00
378634,0.00
378644,0.00
378654,0.00
378664,0.00
378674,0.00
378684,0.00
378694,0.00
378704,0.00
378714,0.00
378724,0.00
378734,0.00
378744,0.00
378754,0.00
378764,0.00
378774,0.00
378784,0.00
378794,0.00
378804,0.00
378814,0.00
378824,0.00
378834,0.00
378844,0.00
378854,0.00
378864,0.00
378874,0.00
378884,0.00
378894,0.00
378904,0.00
378914,0.00
378924,0.00
378934,0.00
378944,0.00
378954,0.00
378964,0.00
378974,0.00
378984,0.00
378994,0.00
379004,0.00
379014,0.00
379024,0.00
379034,0.00
379044,0.00
379054,0.00
379064,0.00
379074,0.00
379084,0.00
379094,0.00
379104,0.00
379114,0.00
379124,0.00
379134,0.00
379144,0.00
379154,0.00
379164,0.00
379174,0.00
379184,0.00
379194,0.00
379204,0.00
379214,0.00
379224,0.00
379234,0.00
379244,0.00
379254,0.00
379264,0.00
379274,0.00
379284,0.00
379294,0.00
379304,0.00
379314,0.00
379324,0.00
379334,0.00
379344,0.00
379354,0.00
379364,0.00
379374,0.00
379384,0.00
379394,0.00
379404,0.00
379414,0.00
379424,0.00
379434,0.00
379444,0.00
379454,0.00
379464,0.00
379474,0.00
379484,0.00
379494,0.00
379504,0.00
379514,0.00
379524,0.00
379534,0.00
379544,0.00
379554,0.00
379564,0.00
379574,0.00
379584,0.00
379594,0.00
379604,0.00
379614,0.00
379624,0.00
379634,0.00
379644,0.00
379654,0.00
379664,0.00
379674,0.00
379684,0.00
379694,0.00
379704,0.00
379714,0.00
379724,0.00
379734,0.00
379744,0.00
379754,0.00
379764,0.00
979831,0.00
979841,0.00
979851,0.00
979861,0.00
979871,0.00
979881,0.00
979891,0.00
979901,0.00
979911,0.00
979921,0.00
979931,0.00
979941,0.00
979951,0.00
979961,0.00
979971,0.00
979981,0.00
979991,0.00
980001,0.00
980011,0.00
980021,0.00
980031,0.00
980041,0.00
980051,0.00
980061,0.00
980071,0.00
980081,0.00
980091,0.00
980101,0.00
980111,0.00
980121,0.00
980131,0.00
980141,0.00
980151,0.00
980161,0.00
980171,0.00
980181,0.00
980191,0.00
980201,0.00
980211,0.00
980221,0.00
980231,0.00
980241,0.00
980251,0.00
980261,0.00
980271,0.00
980281,0.00
980291,0.00
980301,0.00
980311,0.00
980321,0.00
980331,0.00
980341,0.00
980351,0.00
980361,0.00
980371,0.00
980381,0.00
980391,0.00
980401,0.00
980411,0.00
980421,0.00
980431,0.00
980441,0.00
980451,0.00
980461,0.00
980471,0.00
980481,0.00
980491,0.00
980501,0.00
980511,0.00
980521,0.00
980531,0.00
980541,0.00
980551,0.00
980561,0.00
980571,0.00
980581,0.00
980591,0.00
980601,0.00
980611,0.00
980621,0.00
980631,0.00
980641,0.00
980651,0.00
980661,0.00
980671,0.00
980681,0.00
980691,0.00
980701,0.00
980711,0.00
980721,0.00
980731,0.00
980741,0.00
980751,0.00
980761,0.00
980771,0.00
980781,0.00
980791,0.00
980801,0.00
980811,0.00
980821,0.00
980831,0.00
980841,0.00
980851,0.00
980861,0.00
980871,0.00
980881,0.00
980891,0.00
980901,0.00
980911,0.00
980921,0.00
980931,0.00
980941,0.00
980951,0.00
980961,0.00
980971,0.00
980981,0.00
980991,0.00
981001,0.00
981011,0.00
981021,0.00
981031,0.00
981041,0.00
981051,0.00
981061,0.00
981071,0.00
981081,0.00
981091,0.00
981101,0.00
981111,0.00
981121,0.00
981131,0.00
981141,0.00
981151,0.00
981161,0.00
981171,0.00
981181,0.00
981191,0.00
981201,0.00
981211,0.00
981221,0.00
981231,0.00
981241,0.00
981251,0.00
981261,0.00
981271,0.00
981281,0.00
981291,0.00
981301,0.00
981311,0.00
981321,0.00
981331,0.00
981341,0.00
981351,0.00
981361,0.00
981371,0.00
981381,0.00
981391,0.00
981401,0.00
981411,0.00
981421,0.00
981431,0.00
981441,0.00
981451,0.00
981461,0.00
981471,0.00
981481,0.00
981491,0.00
981501,0.00
981511,0.00
981521,0.00
981531,0.00
981541,0.00
981551,0.00
981561,0.00
981571,0.00
981581,0.00
981591,0.00
981601,0.00
981611,0.00
981621,0.00
981631,0.00
981641,0.00
981651,0.00
981661,0.00
981671,0.00
981681,0.00
981691,0.00
981701,0.00
981711,0.00
981721,0.00
981731,0.00
981741,0.00
981751,0.00
981761,0.00
981771,0.00
981781,0.00
981791,0.00
981801,0.00
981811,0.00
981821,0.00
981831,0.00
981841,0.00
981851,0.00
981861,0.00
981871,0.00
981881,0.00
981891,0.00
981901,0.00
981911,0.00
981921,0.00
981931,0.00
981941,0.00
981951,0.00
981961,0.00
981971,0.00
981981,0.00
981991,0.00
982001,0.00
982011,0.00
982021,0.00
982031,0.00
982041,0.00
982051,0.00
982061,0.00
982071,0.00
982081,0.00
982091,0.00
982101,0.00
982111,0.00
982121,0.00
982131,0.00
982141,0.00
982151,0.00
982161,0.00
982171,0.00
982181,0.00
982191,0.00
982201,0.00
982211,0.00
982221,0.00
982231,0.00
982241,0.00
982251,0.00
982261,0.00
982271,0.00
982281,0.00
982291,0.00
982301,0.00
982311,0.00
982321,0.00
982331,0.00
982341,0.00
982351,0.00
982361,0.00
982371,0.00
982381,0.00
982391,0.00
982401,0.00
982411,0.00
982421,0.00
982431,0.00
982441,0.00
982451,0.00
982461,0.00
982471,0.00
982481,0.00
982491,0.00
982501,0.00
982511,0.00
982521,0.00
982531,0.00
982541,0.00
982551,0.00
982561,0.00
982571,0.00
982581,0.00
982591,0.00
982601,0.00
982611,0.00
982621,0.00
982631,0.00
982641,0.00
982651,0.00
982661,0.00
982671,0.00
982681,0.00
982691,0.00
982701,0.00
982711,0.00
982721,0.00
982731,0.00
982741,0.00
982751,0.00
982761,0.00
982771,0.00
982781,0.00
982791,0.00
982801,0.00
982811,0.00
982821,0.00
982831,0.00
982841,0.00
982851,0.00
982861,0.00
982871,0.00
982881,0.00
982891,0.00
982901,0.00
982911,0.00
982921,0.00
982931,0.00
982941,0.00
982951,0.00
982961,0.00
982971,0.00
982981,0.00
982991,0.00
983001,0.00
983011,0.00
983021,0.00
983031,0.00
983041,0.00
983051,0.00
983061,0.00
983071,0.00
983081,0.00
983091,0.00
983101,0.00
983111,0.00
983121,0.00
983131,0.00
983141,0.00
983151,0.00
983161,0.00
983171,0.00
983181,0.00
983191,0.00
983201,0.00
983211,0.00
983221,0.00
983231,0.00
983241,0.00
983251,0.00
983261,0.00
983271,0.00
983281,0.00
983291,0.00
983301,0.00
983311,0.00
983321,0.00
983331,0.00
983341,0.00
983351,0.00
983361,0.00
983371,0.00
983381,0.00
983391,0.00
983401,0.00
983411,0.00
983421,0.00
983431,0.00
983441,0.00
983451,0.00
983461,0.00
983471,0.00
983481,0.00
983491,0.00
983501,0.00
983511,0.00
983521,0.00
983531,0.00
983541,0.00
983551,0.00
983561,0.00
983571,0.00
983581,0.00
983591,0.00
983601,0.00
983611,0.00
983621,0.00
983631,0.00
983641,0.00
983651,0.00
983661,0.00
983671,0.00
983681,0.00
983691,0.00
983701,0.00
983711,0.00
983721,0.00
983731,0.00
983741,0.00
983751,0.00
983761,0.00
983771,0.00
983781,0.00
983791,0.00
983801,0.00
983811,0.00
983821,0.00
983831,0.00
983841,0.00
983851,0.00
983861,0.00
983871,0.00
983881,0.00
983891,0.00
983901,0.00
983911,0.00
983921,0.00
983931,0.00
983941,0.00
983951,0.00
983961,0.00
983971,0.00
983981,0.00
983991,0.00
984001,0.00
984011,0.00
984021,0.00
984031,0.00
984041,0.00
984051,0.00
984061,0.00
984071,0.00
984081,0.00
984091,0.00
984101,0.00
984111,0.00
984121,0.00
984131,0.00
984141,0.00
984151,0.00
984161,0.00
984171,0.00
984181,0.00
984191,0.00
984201,0.00
984211,0.00
984221,0.00
984231,0.00
984241,0.00
984251,0.00
984261,0.00
984271,0.00
984281,0.00
984291,0.00
984301,0.00
984311,0.00
984321,0.00
984331,0.00
984341,0.00
984351,0.00
984361,0.00
984371,0.00
984381,0.00
984391,0.00
984401,0.00
984411,0.00
984421,0.00
984431,0.00
984441,0.00
984451,0.00
984461,0.00
984471,0.00
984481,0.00
984491,0.00
984501,0.00
984511,0.00
984521,0.00
984531,0.00
984541,0.00
984551,0.00
984561,0.00
984571,0.00
984581,0.00
984591,0.00
984601,0.00
984611,0.00
984621,0.00
984631,0.00
984641,0.00
984651,0.00
984661,0.00
984671,0.00
984681,0.00
984691,0.00
984701,0.00
984711,0.00
984721,0.00
984731,0.00
984741,0.00
984751,0.00
984761,0.00
984771,0.00
984781,0.00
984791,0.00
984801,0.00
984811,0.00
984821,0.00
984831,0.00
984841,0.00
984851,0.00
984861,0.00
984871,0.00
984881,0.00
984891,0.00
984901,0.00
984911,0.00
984921,0.00
984931,0.00
984941,0.00
984951,0.00
984961,0.00
984971,0.00
984981,0.00
984991,0.00
985001,0.00
985011,0.00
985021,0.00
985031,0.00
985041,0.00
985051,0.00
985061,0.00
985071,0.00
985081,0.00
985091,0.00
985101,0.00
985111,0.00
985121,0.00
985131,0.00
985141,0.00
985151,0.00
985161,0.00
985171,0.00
985181,0.00
985191,0.00
985201,0.00
985211,0.00
985221,0.00
985231,0.00
985241,0.00
985251,0.00
985261,0.00
985271,0.00
985281,0.00
985291,0.00
985301,0.00
985311,0.00
985321,0.00
985331,0.00
985341,0.00
985351,0.00
985361,0.00
985371,0.00
985381,0.00
985391,0.00
985401,0.00
985411,0.00
985421,0.00
985431,0.00
985441,0.00
985451,0.00
985461,0.00
985471,0.00
985481,0.00
985491,0.00
985501,0.00
985511,0.00
985521,0.00
985531,0.00
985541,0.00
985551,0.00
985561,0.00
985571,0.00
985581,0.00
985591,0.00
985601,0.00
985611,0.00
985621,0.00
985631,0.00
985641,0.00
985651,0.00
985661,0.00
985671,0.00
985681,0.00
985691,0.00
985701,0.00
985711,0.00
985721,0.00
985731,0.00
985741,0.00
985751,0.00
985761,0.00
985771,0.00
985781,0.00
985791,0.00
985801,0.00
985811,0.00
985821,0.00
985831,0.00
985841,0.00
985851,0.00
985861,0.00
985871,0.00
985881,0.00
985891,0.00
985901,0.00
985911,0.00
985921,0.00
985931,0.00
985941,0.00
985951,0.00
985961,0.00
985971,0.00
985981,0.00
985991,0.00
986001,0.00
986011,0.00
986021,0.00
986031,0.00
986041,0.00
986051,0.00
986061,0.00
986071,0.00
986081,0.00
986091,0.00
986101,0.00
986111,0.00
986121,0.00
986131,0.00
986141,0.00
986151,0.00
986161,0.00
986171,0.00
986181,0.00
986191,0.00
986201,0.00
986211,0.00
986221,0.00
986231,0.00
986241,0.00
986251,0.00
986261,0.00
986271,0.00
986281,0.00
986291,0.00
986301,0.00
986311,0.00
986321,0.00
986331,0.00
986341,0.00
986351,0.00
986361,0.00
986371,0.00
986381,0.00
986391,0.00
986401,0.00
986411,0.00
986421,0.00
986431,0.00
986441,0.00
986451,0.00
986461,0.00
986471,0.00
986481,0.00
986491,0.00
986501,0.00
986511,0.00
986521,0.00
986531,0.00
986541,0.00
986551,0.00
986561,0.00
986571,0.00
986581,0.00
986591,0.00
986601,0.00
986611,0.00
986621,0.00
986631,0.00
986641,0.00
986651,0.00
986661,0.00
986671,0.00
986681,0.00
986691,0.00
986701,0.00
986711,0.00
986721,0.00
986731,0.00
986741,0.00
986751,0.00
986761,0.00
986771,0.00
986781,0.00
986791,0.00
986801,0.00
986811,0.00
986821,0.00
986831,0.00
986841,0.00
986851,0.00
986861,0.00
986871,0.00
986881,0.00
986891,0.00
986901,0.00
986911,0.00
986921,0.00
986931,0.00
986941,0.00
986951,0.00
986961,0.00
986971,0.00
986981,0.00
986991,0.00
987001,0.00
987011,0.00
987021,0.00
987031,0.00
987041,0.00
987051,0.00
987061,0.00
987071,0.00
987081,0.00
987091,0.00
987101,0.00
987111,0.00
987121,0.00
987131,0.00
987141,0.00
987151,0.00
987161,0.00
987171,0.00
987181,0.00
987191,0.00
987201,0.00
987211,0.00
987221,0.00
987231,0.00
987241,0.00
987251,0.00
987261,0.00
987271,0.00
987281,0.00
987291,0.00
987301,0.00
987311,0.00
987321,0.00
987331,0.00
987341,0.00
987351,0.00
987361,0.00
987371,0.00
987381,0.00
987391,0.00
987401,0.00
987411,0.00
987421,0.00
987431,0.00
987441,0.00
987451,0.00
987461,0.00
987471,0.00
987481,0.00
987491,0.00
987501,0.00
987511,0.00
987521,0.00
987531,0.00
987541,0.00
987551,0.00
987561,0.00
987571,0.00
987581,0.00
987591,0.00
987601,0.00
987611,0.00
987621,0.00
987631,0.00
987641,0.00
987651,0.00
987661,0.00
987671,0.00
987681,0.00
987691,0.00
987701,0.00
987711,0.00
987721,0.00
987731,0.00
987741,0.00
987751,0.00
987761,0.00
987771,0.00
987781,0.00
987791,0.00
987801,0.00
987811,0.00
987821,0.00
987831,0.00
987841,0.00
987851,0.00
987861,0.00
987871,0.00
987881,0.00
987891,0.00
987901,0.00
987911,0.00
987921,0.00
987931,0.00
987941,0.00
987951,0.00
987961,0.00
987971,0.00
987981,0.00
987991,0.00
988001,0.00
988011,0.00
988021,0.00
988031,0.00
988041,0.00
988051,0.00
988061,0.00
988071,0.00
988081,0.00
988091,0.00
988101,0.00
988111,0.00
988121,0.00
988131,0.00
988141,0.00
988151,0.00
988161,0.00
988171,0.00
988181,0.00
988191,0.00
988201,0.00
988211,0.00
988221,0.00
988231,0.00
988241,0.00
988251,0.00
988261,0.00
988271,0.00
988281,0.00
988291,0.00
988301,0.00
988311,0.00
988321,0.00
988331,0.00
988341,0.00
988351,0.00
988361,0.00
988371,0.00
988381,0.00
988391,0.00
988401,0.00
988411,0.00
988421,0.00
988431,0.00
988441,0.00
988451,0.00
988461,0.00
988471,0.00
988481,0.00
988491,0.00
988501,0.00
988511,0.00
988521,0.00
988531,0.00
988541,0.00
988551,0.00
988561,0.00
988571,0.00
988581,0.00
988591,0.00
988601,0.00
988611,0.00
988621,0.00
988631,0.00
988641,0.00
988651,0.00
988661,0.00
988671,0.00
988681,0.00
988691,0.00
988701,0.00
988711,0.00
988721,0.00
988731,0.00
988741,0.00
988751,0.00
988761,0.00
988771,0.00
988781,0.00
988791,0.00
988801,0.00
988811,0.00
988821,0.00
988831,0.00
988841,0.00
988851,0.00
988861,0.00
988871,0.00
988881,0.00
988891,0.00
988901,0.00
988911,0.00
988921,0.00
988931,0.00
988941,0.00
988951,0.00
988961,0.00
988971,0.00
988981,0.00
988991,0.00
989001,0.00
989011,0.00
989021,0.00
989031,0.00
989041,0.00
989051,0.00
989061,0.00
989071,0.00
989081,0.00
989091,0.00
989101,0.00
989111,0.00
989121,0.00
989131,0.00
989141,0.00
989151,0.00
989161,0.00
989171,0.00
989181,0.00
989191,0.00
989201,0.00
989211,0.00
989221,0.00
989231,0.00
989241,0.00
989251,0.00
989261,0.00
989271,0.00
989281,0.00
989291,0.00
989301,0.00
989311,0.00
989321,0.00
989331,0.00
989341,0.00
989351,0.00
989361,0.00
989371,0.00
989381,0.00
989391,0.00
989401,0.00
989411,0.00
989421,0.00
989431,0.00
989441,0.00
989451,0.00
989461,0.00
989471,0.00
989481,0.00
989491,0.00
989501,0.00
989511,0.00
989521,0.00
989531,0.00
989541,0.00
989551,0.00
989561,0.00
989571,0.00
989581,0.00
989591,0.00
989601,0.00
989611,0.00
989621,0.00
989631,0.00
989641,0.00
989651,0.00
989661,0.00
989671,0.00
989681,0.00
989691,0.00
989701,0.00
989711,0.00
989721,0.00
989731,0.00
989741,0.00
989751,0.00
989761,0.00
989771,0.00
989781,0.00
989791,0.00
989801,0.00
989811,0.00
989821,0.00
989831,0.00
989841,0.00
989851,0.00
989861,0.00
989871,0.00
989881,0.00
989891,0.00
989901,0.00
989911,0.00
989921,0.00
989931,0.00
989941,0.00
989951,0.00
989961,0.00
989971,0.00
989981,0.00
989991,0.00
990001,0.00
990011,0.00
990021,0.00
990031,0.00
990041,0.00
990051,0.00
990061,0.00
990071,0.00
990081,0.00
990091,0.00
990101,0.00
990111,0.00
990121,0.00
990131,0.00
990141,0.00
990151,0.00
990161,0.00
990171,0.00
990181,0.00
990191,0.00
990201,0.00
990211,0.00
990221,0.00
990231,0.00
990241,0.00
990251,0.00
990261,0.00
990271,0.00
990281,0.00
990291,0.00
990301,0.00
990311,0.00
990321,0.00
990331,0.00
990341,0.00
990351,0.00
990361,0.00
990371,0.00
990381,0.00
990391,0.00
990401,0.00
990411,0.00
990421,0.00
990431,0.00
990441,0.00
990451,0.00
990461,0.00
990471,0.00
990481,0.00
1358272,0.00
1358282,0.00
1358292,0.00
1358302,0.00
1358312,0.00
1358322,0.00
1358332,0.00
1358342,0.00
1358352,0.00
1358362,0.00
1358372,0.00
1358382,0.00
1358392,0.00
1358402,0.00
1358412,0.00
1358422,0.00
1358432,0.00
1358442,0.00
1358452,0.00
1358462,0.00
1358472,0.00
1358482,0.00
1358492,0.00
1358502,0.00
1358512,0.00
1358522,0.00
1358532,0.00
1358542,0.00
1358552,0.00
1358562,0.00
1358572,0.00
1358582,0.00
1358592,0.00
1358602,0.00
1358612,0.00
1358622,0.00
1358632,0.00
1358642,0.00
1358652,0.00
1358662,0.00
1358672,0.00
1358682,0.00
1358692,0.00
1358702,0.00
1358712,0.00
1358722,0.00
1358732,0.00
1358742,0.00
1358752,0.00
1358762,0.00
1358772,0.00
1358782,0.00
1358792,0.00
1358802,0.00
1358812,0.00
1358822,0.00
1358832,0.00
1358842,0.00
1358852,0.00
1358862,0.00
1358872,0.00
1358882,0.00
1358892,0.00
1358902,0.00
1358912,0.00
1358922,0.00
1358932,0.00
1358942,0.00
1358952,0.00
1358962,0.00
1358972,0.00
1358982,0.00
1358992,0.00
1359002,0.00
1359012,0.00
1359022,0.00
1359032,0.00
1359042,0.00
1359052,0.00
1359062,0.00
1359072,0.00
1359082,0.00
1359092,0.00
1359102,0.00
1359112,0.00
1359122,0.00
1359132,0.00
1359142,0.00
1359152,0.00
1359162,0.00
1359172,0.00
1359182,0.00
1359192,0.00
1359202,0.00
1359212,0.00
1359222,0.00
1359232,0.00
1359242,0.00
1359252,0.00
1359262,0.00
1359272,0.00
1359282,0.00
1359292,0.00
1359302,0.00
1359312,0.00
1359322,0.00
1359332,0.00
1359342,0.00
1359352,0.00
1359362,0.00
1359372,0.00
1359382,0.00
1359392,0.00
1359402,0.00
1359412,0.00
1359422,0.00
1359432,0.00
1359442,0.00
1359452,0.00
1359462,0.00
1359472,0.00
1359482,0.00
1359492,0.00
1359502,0.00
1359512,0.00
1359522,0.00
1359532,0.00
1359542,0.00
1359552,0.00
1359562,0.00
1359572,0.00
1359582,0.00
1359592,0.00
1359602,0.00
1359612,0.00
1359622,0.00
1359632,0.00
1359642,0.00
1359652,0.00
1359662,0.00
1359672,0.00
1359682,0.00
1359692,0.00
1359702,0.00
1359712,0.00
1359722,0.00
1359732,0.00
1359742,0.00
1359752,0.00
1359762,0.00
1359772,0.00
1359782,0.00
1359792,0.00
1359802,0.00
1359812,0.00
1359822,0.00
1359832,0.00
1359842,0.00
1359852,0.00
1359862,0.00
1359872,0.00
1359882,0.00
1359892,0.00
1359902,0.00
1359912,0.00
1359922,0.00
1359932,0.00
1359942,0.00
1359952,0.00
1359962,0.00
1359972,0.00
1359982,0.00
1359992,0.00
1360002,0.00
1360012,0.00
1360022,0.00
1360032,0.00
1360042,0.00
1360052,0.00
1360062,0.00
1360072,0.00
1360082,0.00
1360092,0.00
1360102,0.00
1360112,0.00
1360122,0.00
1360132,0.00
1360142,0.00
1360152,0.00
1360162,0.00
1360172,0.00
1360182,0.00
1360192,0.00
1360202,0.00
1360212,0.00
1360222,0.00
1360232,0.00
1360242,0.00
1360252,0.00
1360262,0.00
1360272,0.00
1360282,0.00
1360292,0.00
1360302,0.00
1360312,0.00
1360322,0.00
1360332,0.00
1360342,0.00
1360352,0.00
1360362,0.00
1360372,0.00
1360382,0.00
1360392,0.00
1360402,0.00
1360412,0.00
1360422,0.00
1360432,0.00
1360442,0.00
1360452,0.00
1360462,0.00
1360472,0.00
1360482,0.00
1360492,0.00
1360502,0.00
1360512,0.00
1360522,0.00
1360532,0.00
1360542,0.00
1360552,0.00
1360562,0.00
1360572,0.00
1360582,0.00
1360592,0.00
1360602,0.00
1360612,0.00
1360622,0.00
1360632,0.00
1360642,0.00
1360652,0.00
1360662,0.00
1360672,0.00
1360682,0.00
1360692,0.00
1360702,0.00
1360712,0.00
1360722,0.00
1360732,0.00
1360742,0.00
1360752,0.00
1360762,0.00
1360772,0.00
1360782,0.00
1360792,0.00
1360802,0.00
1360812,0.00
1360822,0.00
1360832,0.00
1360842,0.00
1360852,0.00
1360862,0.00
1360872,0.00
1360882,0.00
1360892,0.00
1360902,0.00
1360912,0.00
1360922,0.00
1360932,0.00
1360942,0.00
1360952,0.00
1360962,0.00
1360972,0.00
1360982,0.00
1360992,0.00
1361002,0.00
1361012,0.00
1361022,0.00
1361032,0.00
1361042,0.00
1361052,0.00
1361062,0.00
1361072,0.00
1361082,0.00
1361092,0.00
1361102,0.00
1361112,0.00
1361122,0.00
1361132,0.00
1361142,0.00
1361152,0.00
1361162,0.00
1361172,0.00
1361182,0.00
1361192,0.00
1361202,0.00
1361212,0.00
1361222,0.00
1361232,0.00
1361242,0.00
1361252,0.00
1361262,0.00
1361272,0.00
1361282,0.00
1361292,0.00
1361302,0.00
1361312,0.00
1361322,0.00
1361332,0.00
1361342,0.00
1361352,0.00
1361362,0.00
1361372,0.00
1361382,0.00
1361392,0.00
1361402,0.00
1361412,0.00
1361422,0.00
1361432,0.00
1361442,0.00
1361452,0.00
1361462,0.00
1361472,0.00
1361482,0.00
1361492,0.00
1361502,0.00
1361512,0.00
1361522,0.00
1361532,0.00
1361542,0.00
1361552,0.00
1361562,0.00
1361572,0.00
1361582,0.00
1361592,0.00
1361602,0.00
1361612,0.00
1361622,0.00
1361632,0.00
1361642,0.00
1361652,0.00
1361662,0.00
1361672,0.00
1361682,0.00
1361692,0.00
1361702,0.00
1361712,0.00
1361722,0.00
1361732,0.00
1361742,0.00
1361752,0.00
1361762,0.00
1361772,0.00
1361782,0.00
1361792,0.00
1361802,0.00
1361812,0.00
1361822,0.00
1361832,0.00
1361842,0.00
1361852,0.00
1361862,0.00
1361872,0.00
1361882,0.00
1361892,0.00
1361902,0.00
1361912,0.00
1361922,0.00
1361932,0.00
1361942,0.00
1361952,0.00
1361962,0.00
1361972,0.00
1361982,0.00
1361992,0.00
1362002,0.00
1362012,0.00
1362022,0.00
1362032,0.00
1362042,0.00
1362052,0.00
1362062,0.00
1362072,0.00
1362082,0.00
1362092,0.00
1362102,0.00
1362112,0.00
1362122,0.00
1362132,0.00
1362142,0.00
1362152,0.00
1362162,0.00
1362172,0.00
1362182,0.00
1362192,0.00
1362202,0.00
1362212,0.00
1362222,0.00
1362232,0.00
1362242,0.00
1362252,0.00
1362262,0.00
1362272,0.00
1362282,0.00
1362292,0.00
1362302,0.00
1362312,0.00
1362322,0.00
1362332,0.00
1362342,0.00
1362352,0.00
1362362,0.00
1362372,0.00
1362382,0.00
1362392,0.00
1362402,0.00
1362412,0.00
1362422,0.00
1362432,0.00
1362442,0.00
1362452,0.00
1362462,0.00
1362472,0.00
1362482,0.00
1362492,0.00
1362502,0.00
1362512,0.00
1362522,0.00
1362532,0.00
1362542,0.00
1362552,0.00
1362562,0.00
1362572,0.00
1362582,0.00
1362592,0.00
1362602,0.00
1362612,0.00
1362622,0.00
1362632,0.00
1362642,0.00
1362652,0.00
1362662,0.00
1362672,0.00
1362682,0.00
1362692,0.00
1362702,0.00
1362712,0.00
1362722,0.00
1362732,0.00
1362742,0.00
1362752,0.00
1362762,0.00
1362772,0.00
1362782,0.00
1362792,0.00
1362802,0.00
1362812,0.00
1362822,0.00
1362832,0.00
1362842,0.00
1362852,0.00
1362862,0.00
1362872,0.00
1362882,0.00
1362892,0.00
1362902,0.00
1362912,0.00
1362922,0.00
1362932,0.00
1362942,0.00
1362952,0.00
1362962,0.00
1362972,0.00
1362982,0.00
1362992,0.00
1363002,0.00
1363012,0.00
1363022,0.00
1363032,0.00
1363042,0.00
1363052,0.00
1363062,0.00
1363072,0.00
1363082,0.00
1363092,0.00
1363102,0.00
1363112,0.00
1363122,0.00
1363132,0.00
1363142,0.00
1363152,0.00
1363162,0.00
1363172,0.00
1363182,0.00
1363192,0.00
1363202,0.00
1363212,0.00
1363222,0.00
1363232,0.00
1363242,0.00
1363252,0.00
1363262,0.00
1363272,0.00
1363282,0.00
1363292,0.00
1363302,0.00
1363312,0.00
1363322,0.00
1363332,0.00
1363342,0.00
1363352,0.00
1363362,0.00
1363372,0.00
1363382,0.00
1363392,0.00
1363402,0.00
1363412,0.00
1363422,0.00
1363432,0.00
1363442,0.00
1363452,0.00
1363462,0.00
1363472,0.00
1363482,0.00
1363492,0.00
1363502,0.00
1363512,0.00
1363522,0.00
1363532,0.00
1363542,0.00
1363552,0.00
1363562,0.00
1363572,0.00
1363582,0.00
1363592,0.00
1363602,0.00
1363612,0.00
1363622,0.00
1363632,0.00
1363642,0.00
1363652,0.00
1363662,0.00
1363672,0.00
1363682,0.00
1363692,0.00
1363702,0.00
1363712,0.00
1363722,0.00
1363732,0.00
1363742,0.00
1363752,0.00
1363762,0.00
1363772,0.00
1363782,0.00
1363792,0.00
1363802,0.00
1363812,0.00
1363822,0.00
1363832,0.00
1363842,0.00
1363852,0.00
1363862,0.00
1363872,0.00
1363882,0.00
1363892,0.00
1363902,0.00
1363912,0.00
1363922,0.00
1363932,0.00
1363942,0.00
1363952,0.00
1363962,0.00
1363972,0.00
1363982,0.00
1363992,0.00
1364002,0.00
1364012,0.00
1364022,0.00
1364032,0.00
1364042,0.00
1364052,0.00
1364062,0.00
1364072,0.00
1364082,0.00
1364092,0.00
1364102,0.00
1364112,0.00
1364122,0.00
1364132,0.00
1364142,0.00
1364152,0.00
1364162,0.00
1364172,0.00
1364182,0.00
1364192,0.00
1364202,0.00
1364212,0.00
1364222,0.00
1364232,0.00
1364242,0.00
1364252,0.00
1364262,0.00
1364272,0.00
1364282,0.00
1364292,0.00
1364302,0.00
1364312,0.00
1364322,0.00
1364332,0.00
1364342,0.00
1364352,0.00
1364362,0.00
1364372,0.00
1364382,0.00
1364392,0.00
1364402,0.00
1364412,0.00
1364422,0.00
1364432,0.00
1364442,0.00
1364452,0.00
1364462,0.00
1364472,0.00
1364482,0.00
1364492,0.00
1364502,0.00
1364512,0.00
1364522,0.00
1364532,0.00
1364542,0.00
1364552,0.00
1364562,0.00
1364572,0.00
1364582,0.00
1364592,0.00
1364602,0.00
1364612,0.00
1364622,0.00
1364632,0.00
1364642,0.00
1364652,0.00
1364662,0.00
1364672,0.00
1364682,0.00
1364692,0.00
1364702,0.00
1364712,0.00
1364722,0.00
1364732,0.00
1364742,0.00
1364752,0.00
1364762,0.00
1364772,0.00
1364782,0.00
1364792,0.00
1364802,0.00
1364812,0.00
1364822,0.00
1364832,0.00
1364842,0.00
1364852,0.00
1364862,0.00
1364872,0.00
1364882,0.00
1364892,0.00
1364902,0.00
1364912,0.00
1364922,0.00
1364932,0.00
1364942,0.00
1364952,0.00
1364962,0.00
1364972,0.00
1364982,0.00
1364992,0.00
1365002,0.00
1365012,0.00
1365022,0.00
1365032,0.00
1365042,0.00
1365052,0.00
1365062,0.00
1365072,0.00
1365082,0.00
1365092,0.00
1365102,0.00
1365112,0.00
1365122,0.00
1365132,0.00
1365142,0.00
1365152,0.00
1365162,0.00
1365172,0.00
1365182,0.00
1365192,0.00
1365202,0.00
1365212,0.00
1365222,0.00
1365232,0.00
1365242,0.00
1365252,0.00
1365262,0.00
1365272,0.00
1365282,0.00
1365292,0.00
1365302,0.00
1365312,0.00
1365322,0.00
1365332,0.00
1365342,0.00
1365352,0.00
1365362,0.00
1365372,0.00
1365382,0.00
1365392,0.00
1365402,0.00
1365412,0.00
1365422,0.00
1365432,0.00
1365442,0.00
1365452,0.00
1365462,0.00
1365472,0.00
1365482,0.00
1365492,0.00
1365502,0.00
1365512,0.00
1365522,0.00
1365532,0.00
1365542,0.00
1365552,0.00
1365562,0.00
1365572,0.00
1365582,0.00
1365592,0.00
1365602,0.00
1365612,0.00
1365622,0.00
1365632,0.00
1365642,0.00
1365652,0.00
1365662,0.00
1365672,0.00
1365682,0.00
1365692,0.00
1365702,0.00
1365712,0.00
1365722,0.00
1365732,0.00
1365742,0.00
1365752,0.00
1365762,0.00
1365772,0.00
1365782,0.00
1365792,0.00
1365802,0.00
1365812,0.00
1365822,0.00
1365832,0.00
1365842,0.00
1365852,0.00
1365862,0.00
1365872,0.00
1365882,0.00
1365892,0.00
1365902,0.00
1365912,0.00
1365922,0.00
1365932,0.00
1365942,0.00
1365952,0.00
1365962,0.00
1365972,0.00
1365982,0.00
1365992,0.00
1366002,0.00
1366012,0.00
1366022,0.00
1366032,0.00
1366042,0.00
1366052,0.00
1366062,0.00
1366072,0.00
1366082,0.00
1366092,0.00
1366102,0.00
1366112,0.00
1366122,0.00
1366132,0.00
1366142,0.00
1366152,0.00
1366162,0.00
1366172,0.00
1366182,0.00
1366192,0.00
1366202,0.00
1366212,0.00
1366222,0.00
1366232,0.00
1366242,0.00
1366252,0.00
1366262,0.00
1366272,0.00
1366282,0.00
1366292,0.00
1366302,0.00
1366312,0.00
1366322,0.00
1366332,0.00
1366342,0.00
1366352,0.00
1366362,0.00
1366372,0.00
1366382,0.00
1366392,0.00
1366402,0.00
1366412,0.00
1366422,0.00
1366432,0.00
1366442,0.00
1366452,0.00
1366462,0.00
1366472,0.00
1366482,0.00
1366492,0.00
1366502,0.00
1366512,0.00
1366522,0.00
1366532,0.00
1366542,0.00
1366552,0.00
1366562,0.00
1366572,0.00
1366582,0.00
1366592,0.00
1366602,0.00
1366612,0.00
1366622,0.00
1366632,0.00
1366642,0.00
1366652,0.00
1366662,0.00
1366672,0.00
1366682,0.00
1366692,0.00
1366702,0.00
1366712,0.00
1366722,0.00
1366732,0.00
1366742,0.00
1366752,0.00
1366762,0.00
1366772,0.00
1366782,0.00
1366792,0.00
1366802,0.00
1366812,0.00
1366822,0.00
1366832,0.00
1366842,0.00
1366852,0.00
1366862,0.00
1366872,0.00
1366882,0.00
1366892,0.00
1366902,0.00
1366912,0.00
1366922,0.00
1366932,0.00
1366942,0.00
1366952,0.00
1366962,0.00
1366972,0.00
1366982,0.00
1366992,0.00
1367002,0.00
1367012,0.00
1367022,0.00
1367032,0.00
1367042,0.00
1367052,0.00
1367062,0.00
1367072,0.00
1367082,0.00
1367092,0.00
1367102,0.00
1367112,0.00
1367122,0.00
1367132,0.00
1367142,0.00
1367152,0.00
1367162,0.00
1367172,0.00
1367182,0.00
1367192,0.00
1367202,0.00
1367212,0.00
1367222,0.00
1367232,0.00
1367242,0.00
1367252,0.00
1367262,0.00
1367272,0.00
1367282,0.00
1367292,0.00
1367302,0.00
1367312,0.00
1367322,0.00
1367332,0.00
1367342,0.00
1367352,0.00
1367362,0.00
1367372,0.00
1367382,0.00
1367392,0.00
1367402,0.00
1367412,0.00
1367422,0.00
1367432,0.00
1367442,0.00
1367452,0.00
1367462,0.00
1367472,0.00
1367482,0.00
1367492,0.00
1367502,0.00
1367512,0.00
1367522,0.00
1367532,0.00
1367542,0.00
1367552,0.00
1367562,0.00
1367572,0.00
1367582,0.00
1367592,0.00
1367602,0.00
1367612,0.00
1367622,0.00
1367632,0.00
1367642,0.00
1367652,0.00
1367662,0.00
1367672,0.00
1367682,0.00
1367692,0.00
1367702,0.00
1367712,0.00
1367722,0.00
1367732,0.00
1367742,0.00
1367752,0.00
1367762,0.00
1367772,0.00
1367782,0.00
1367792,0.00
1367802,0.00
1367812,0.00
1367822,0.00
1367832,0.00
1367842,0.00
1367852,0.00
1367862,0.00
1367872,0.00
1367882,0.00
1367892,0.00
1367902,0.00
1367912,0.00
1367922,0.00
1367932,0.00
1367942,0.00
1367952,0.00
1367962,0.00
1367972,0.00
1367982,0.00
1367992,0.00
1368002,0.00
1368012,0.00
1368022,0.00
1368032,0.00
1368042,0.00
1368052,0.00
1368062,0.00
1368072,0.00
1368082,0.00
1368092,0.00
1368102,0.00
1368112,0.00
1368122,0.00
1368132,0.00
1368142,0.00
1368152,0.00
1368162,0.00
1368172,0.00
1368182,0.00
1368192,0.00
1368202,0.00
1368212,0.00
1368222,0.00
1368232,0.00
1368242,0.00
1368252,0.00
1368262,0.00
1368272,0.00
1368282,0.00
1368292,0.00
1368302,0.00
1368312,0.00
1368322,0.00
1368332,0.00
1368342,0.00
1368352,0.00
1368362,0.00
1368372,0.00
1368382,0.00
1368392,0.00
1368402,0.00
1368412,0.00
1368422,0.00
1368432,0.00
1368442,0.00
1368452,0.00
1368462,0.00
1368472,0.00
1368482,0.00
1368492,0.00
1368502,0.00
1368512,0.00
1368522,0.00
1368532,0.00
1368542,0.00
1368552,0.00
1368562,0.00
1368572,0.00
1368582,0.00
1368592,0.00
1368602,0.00
1368612,0.00
1368622,0.00
1368632,0.00
1368642,0.00
1368652,0.00
1368662,0.00
1368672,0.00
1368682,0.00
1368692,0.00
1368702,0.00
1368712,0.00
1368722,0.00
1368732,0.00
1368742,0.00
1368752,0.00
1368762,0.00
1368772,0.00
1368782,0.00
1368792,0.00
1368802,0.00
1368812,0.00
1368822,0.00
1368832,0.00
1368842,0.00
1368852,0.00
1368862,0.00
1368872,0.00
1368882,0.00
1368892,0.00
1368902,0.00
1368912,0.00
1368922,0.00
1368932,0.00
1368942,0.00
1368952,0.00
1368962,0.00
1368972,0.00
1368982,0.00
1368992,0.00
1369002,0.00
1369012,0.00
1369022,0.00
1369032,0.00
1369042,0.00
1369052,0.00
1369062,0.00
1369072,0.00
1369082,0.00
1369092,0.00
1369102,0.00
1369112,0.00
1369122,0.00
1369132,0.00
1369142,0.00
1369152,0.00
1369162,0.00
1369172,0.00
1369182,0.00
1369192,0.00
1369202,0.00
1369212,0.00
1369222,0.00
1369232,0.00
1369242,0.00
1369252,0.00
1369262,0.00
1369272,0.00
1369282,0.00
1369292,0.00
1369302,0.00
1369312,0.00
1369322,0.00
1369332,0.00
1369342,0.00
1369352,0.00
1369362,0.00
1369372,0.00
1369382,0.00
1369392,0.00
1369402,0.00
1369412,0.00
1369422,0.00
1369432,0.00
1369442,0.00
1369452,0.00
1369462,0.00
1369472,0.00
1369482,0.00
1369492,0.00
1369502,0.00
1369512,0.00
1369522,0.00
1433626,0.00
1433636,0.00
1433646,0.00
1433656,0.00
1433666,0.00
1433676,0.00
1433686,0.00
1433696,0.00
1433706,0.00
1433716,0.00
1433726,0.00
1433736,0.00
1433746,0.00
1433756,0.00
1433766,0.00
1433776,0.00
1433786,0.00
1433796,0.00
1433806,0.00
1433816,0.00
1433826,0.00
1433836,0.00
1433846,0.00
1433856,0.00
1433866,0.00
1433876,0.00
1433886,0.00
1433896,0.00
1433906,0.00
1433916,0.00
1433926,0.00
1433936,0.00
1433946,0.00
1433956,0.00
1433966,0.00
1433976,0.00
1433986,0.00
1433996,0.00
1434006,0.00
1434016,0.00
1434026,0.00
1434036,0.00
1434046,0.00
1434056,0.00
1434066,0.00
1434076,0.00
1434086,0.00
1434096,0.00
1434106,0.00
1434116,0.00
1434126,0.00
1434136,0.00
1434146,0.00
1434156,0.00
1434166,0.00
1434176,0.00
1434186,0.00
1434196,0.00
1434206,0.00
1434216,0.00
1434226,0.00
1434236,0.00
1434246,0.00
1434256,0.00
1434266,0.00
1434276,0.00
1434286,0.00
1434296,0.00
1434306,0.00
1434316,0.00
1434326,0.00
1434336,0.00
1434346,0.00
1434356,0.00
1434366,0.00
1434376,0.00
1434386,0.00
1434396,0.00
1434406,0.00
1434416,0.00
1434426,0.00
1434436,0.00
1434446,0.00
1434456,0.00
1434466,0.00
1434476,0.00
1434486,0.00
1434496,0.00
1434506,0.00
1434516,0.00
1434526,0.00
1434536,0.00
1434546,0.00
1434556,0.00
1434566,0.00
1434576,0.00
1434586,0.00
1434596,0.00
1434606,0.00
1434616,0.00
1434626,0.00
1434636,0.00
1434646,0.00
1434656,0.00
1434666,0.00
1434676,0.00
1434686,0.00
1434696,0.00
1434706,0.00
1434716,0.00
1434726,0.00
1434736,0.00
1434746,0.00
1434756,0.00
1434766,0.00
1434776,0.00
1434786,0.00
1434796,0.00
1434806,0.00
1434816,0.00
1434826,0.00
1434836,0.00
1434846,0.00
1434856,0.00
1434866,0.00
1434876,0.00
1434886,0.00
1434896,0.00
1434906,0.00
1434916,0.00
1434926,0.00
1434936,0.00
1434946,0.00
1434956,0.00
1434966,0.00
1434976,0.00
1434986,0.00
1434996,0.00
1435006,0.00
1435016,0.00
1435026,0.00
1435036,0.00
1435046,0.00
1435056,0.00
1435066,0.00
1435076,0.00
1435086,0.00
1435096,0.00
1435106,0.00
1435116,0.00
1435126,0.00
1435136,0.00
1435146,0.00
1435156,0.00
1435166,0.00
1435176,0.00
1435186,0.00
1435196,0.00
1435206,0.00
1435216,0.00
1435226,0.00
1435236,0.00
1435246,0.00
1435256,0.00
1435266,0.00
1435276,0.00
1435286,0.00
1435296,0.00
1435306,0.00
1435316,0.00
1435326,0.00
1435336,0.00
1435346,0.00
1435356,0.00
1435366,0.00
1435376,0.00
1435386,0.00
1435396,0.00
1435406,0.00
1435416,0.00
1435426,0.00
1435436,0.00
1435446,0.00
1435456,0.00
1435466,0.00
1435476,0.00
1435486,0.00
1435496,0.00
1435506,0.00
1435516,0.00
1435526,0.00
1435536,0.00
1435546,0.00
1435556,0.00
1435566,0.00
1435576,0.00
1435586,0.00
1435596,0.00
1435606,0.00
1435616,0.00
1435626,0.00
1435636,0.00
1435646,0.00
1435656,0.00
1435666,0.00
1435676,0.00
1435686,0.00
1435696,0.00
1435706,0.00
1435716,0.00
1435726,0.00
1435736,0.00
1435746,0.00
1435756,0.00
1435766,0.00
1435776,0.00
1435786,0.00
1435796,0.00
1435806,0.00
1435816,0.00
1435826,0.00
1435836,0.00
1435846,0.00
1435856,0.00
1435866,0.00
1435876,0.00
1435886,0.00
1435896,0.00
1435906,0.00
1435916,0.00
1435926,0.00
1435936,0.00
1435946,0.00
1435956,0.00
1435966,0.00
1435976,0.00
1435986,0.00
1435996,0.00
1436006,0.00
1436016,0.00
1436026,0.00
1436036,0.00
1436046,0.00
1436056,0.00
1436066,0.00
1436076,0.00
1436086,0.00
1436096,0.00
1436106,0.00
1436116,0.00
1436126,0.00
1436136,0.00
1436146,0.00
1436156,0.00
1436166,0.00
1436176,0.00
1436186,0.00
1436196,0.00
1436206,0.00
1436216,0.00
1436226,0.00
1436236,0.00
1436246,0.00
1436256,0.00
1436266,0.00
1436276,0.00
1436286,0.00
1436296,0.00
1436306,0.00
1436316,0.00
1436326,0.00
1436336,0.00
1436346,0.00
1436356,0.00
1436366,0.00
1436376,0.00
1436386,0.00
1436396,0.00
1436406,0.00
1436416,0.00
1436426,0.00
1436436,0.00
1436446,0.00
1436456,0.00
1436466,0.00
1436476,0.00
1436486,0.00
1436496,0.00
1436506,0.00
1436516,0.00
1436526,0.00
1436536,0.00
1436546,0.00
1436556,0.00
1436566,0.00
1436576,0.00
1436586,0.00
1436596,0.00
1436606,0.00
1436616,0.00
1436626,0.00
1436636,0.00
1436646,0.00
1436656,0.00
1436666,0.00
1436676,0.00
1436686,0.00
1436696,0.00
1436706,0.00
1436716,0.00
1436726,0.00
1436736,0.00
1436746,0.00
1436756,0.00
1436766,0.00
1436776,0.00
1436786,0.00
1436796,0.00
1436806,0.00
1436816,0.00
1436826,0.00
1436836,0.00
1436846,0.00
1436856,0.00
1436866,0.00
1436876,0.00
1436886,0.00
1436896,0.00
1436906,0.00
1436916,0.00
1436926,0.00
1436936,0.00
1436946,0.00
1436956,0.00
1436966,0.00
1436976,0.00
1436986,0.00
1436996,0.00
1437006,0.00
1437016,0.00
1437026,0.00
1437036,0.00
1437046,0.00
1437056,0.00
1437066,0.00
1437076,0.00
1437086,0.00
1437096,0.00
1437106,0.00
1437116,0.00
1437126,0.00
1437136,0.00
1437146,0.00
1437156,0.00
1437166,0.00
1437176,0.00
1437186,0.00
1437196,0.00
1437206,0.00
1437216,0.00
1437226,0.00
1437236,0.00
1437246,0.00
1437256,0.00
1437266,0.00
1437276,0.00
1437286,0.00
1437296,0.00
1437306,0.00
1437316,0.00
1437326,0.00
1437336,0.00
1437346,0.00
1437356,0.00
1437366,0.00
1437376,0.00
1437386,0.00
1437396,0.00
1437406,0.00
1437416,0.00
1437426,0.00
1437436,0.00
1437446,0.00
1437456,0.00
1437466,0.00
1437476,0.00
1437486,0.00
1437496,0.00
1437506,0.00
1437516,0.00
1437526,0.00
1437536,0.00
1437546,0.00
1437556,0.00
1437566,0.00
1437576,0.00
1437586,0.00
1437596,0.00
1437606,0.00
1437616,0.00
1437626,0.00
1437636,0.00
1437646,0.00
1437656,0.00
1437666,0.00
1437676,0.00
1437686,0.00
1437696,0.00
1437706,0.00
1437716,0.00
1437726,0.00
1437736,0.00
1437746,0.00
1437756,0.00
1437766,0.00
1437776,0.00
1437786,0.00
1437796,0.00
1437806,0.00
1437816,0.00
1437826,0.00
1437836,0.00
1437846,0.00
1437856,0.00
1437866,0.00
1437876,0.00
1437886,0.00
1437896,0.00
1437906,0.00
1437916,0.00
1437926,0.00
1437936,0.00
1437946,0.00
1437956,0.00
1437966,0.00
1437976,0.00
1437986,0.00
1437996,0.00
1438006,0.00
1438016,0.00
1438026,0.00
1438036,0.00
1438046,0.00
1438056,0.00
1438066,0.00
1438076,0.00
1438086,0.00
1438096,0.00
1438106,0.00
1438116,0.00
1438126,0.00
1438136,0.00
1438146,0.00
1438156,0.00
1438166,0.00
1438176,0.00
1438186,0.00
1438196,0.00
1438206,0.00
1438216,0.00
1438226,0.00
1438236,0.00
1438246,0.00
1438256,0.00
1438266,0.00
1438276,0.00
1438286,0.00
1438296,0.00
1438306,0.00
1438316,0.00
1438326,0.00
1438336,0.00
1438346,0.00
1438356,0.00
1438366,0.00
1438376,0.00
1438386,0.00
