79871,-0.37,0.00,0.00
79881,-0.16,0.00,-0.04
79891,-0.00,0.00,-0.12
79901,0.68,0.00,-0.21
79911,0.55,0.00,-0.32
79921,0.46,0.00,-0.43
79931,0.39,0.00,-0.52
79941,0.35,0.00,-0.60
79951,0.32,0.00,-0.67
79961,0.30,0.00,-0.73
79971,0.29,-0.00,-0.79
79981,-0.04,-0.01,-0.83
79991,0.05,-0.00,-0.86
80001,0.39,0.00,-0.90
80011,0.35,0.00,-0.92
80021,0.33,0.00,-0.94
80031,0.31,0.00,-0.96
80041,0.30,0.00,-0.98
80051,0.29,0.00,-0.99
80061,0.28,0.00,-1.00
80071,0.10,-0.00,-1.02
80081,0.32,0.00,-1.03
80091,0.30,0.00,-1.04
80101,0.29,0.00,-1.05
80111,0.29,0.00,-1.06
80121,0.13,-0.00,-1.07
80131,0.03,-0.01,-1.08
80141,0.10,-0.00,-1.09
80151,0.14,-0.00,-1.09
80161,0.18,-0.00,-1.10
80171,0.20,0.00,-1.10
80181,0.46,0.01,-1.11
80191,0.41,0.01,-1.11
80201,0.38,0.01,-1.11
80211,0.35,0.01,-1.12
80221,0.33,0.01,-1.12
80231,0.31,0.01,-1.12
80241,0.30,0.01,-1.12
80251,0.29,0.01,-1.12
80261,0.28,0.01,-1.13
80271,0.18,0.00,-1.13
80281,0.20,0.00,-1.13
80291,0.12,-0.00,-1.14
80301,0.16,0.00,-1.14
80311,0.28,0.01,-1.14
80321,0.28,0.01,-1.14
80331,0.28,0.01,-1.14
80341,0.28,0.01,-1.14
80351,0.28,0.01,-1.05
80361,0.36,0.01,-1.08
80371,0.34,0.01,-1.09
80381,0.32,0.01,-1.11
80391,0.31,0.01,-1.12
80401,0.30,0.01,-1.12
80441,0.27,0.01,-1.15
80461,0.27,0.01,-1.14
80471,0.27,0.01,-1.22
80521,0.24,0.01,-1.16
80531,0.25,0.01,-1.16
80541,0.25,0.01,-1.16
80561,0.25,0.01,-1.15
80571,0.25,0.01,-1.15
80601,0.25,0.01,-1.15
80611,0.25,0.01,-1.15
80621,0.25,0.01,-1.15
80631,0.25,0.01,-1.14
80651,0.30,0.01,-1.14
80661,0.36,0.01,-1.14
80681,0.31,0.01,-1.14
80691,0.16,0.01,-1.14
80701,0.11,0.01,-1.15
80711,0.08,0.01,-1.15
80721,0.12,0.01,-1.15
80731,0.16,0.01,-1.15
80741,0.32,0.02,-1.15
80751,0.30,0.02,-1.15
80761,0.36,0.02,-1.15
80781,0.31,0.02,-1.15
80791,0.30,0.02,-1.15
80811,0.28,0.02,-1.15
80831,0.22,0.01,-1.15
80851,0.23,0.01,-1.15
80861,0.23,0.02,-1.15
80881,0.23,0.02,-1.15
80891,0.30,0.02,-1.15
80911,0.27,0.02,-1.15
80921,0.27,0.02,-1.14
80941,0.15,0.02,-1.14
80951,0.17,0.02,-1.14
80961,0.19,0.02,-1.14
81021,0.27,0.02,-1.14
81031,0.27,0.02,-1.14
81081,0.34,0.02,-1.14
81111,0.34,0.02,-1.14
81121,0.32,0.02,-1.15
81131,0.18,0.02,-1.15
81151,0.22,0.02,-1.16
81161,0.23,0.02,-1.16
81171,0.24,0.02,-1.16
81181,0.19,0.02,-1.16
81201,0.22,0.02,-1.16
81211,0.24,0.03,-1.16
81221,0.24,0.03,-1.09
81241,0.21,0.02,-1.11
81281,0.35,0.03,-1.14
81291,0.33,0.02,-1.14
81301,0.31,0.02,-1.15
81351,0.27,0.02,-1.21
81381,0.29,0.03,-1.19
81431,0.23,0.02,-1.18
81441,0.23,0.02,-1.17
81451,0.18,0.02,-1.17
81471,0.21,0.02,-1.17
81481,0.28,0.02,-1.17
81511,0.31,0.03,-1.17
81521,0.30,0.03,-1.17
81531,0.28,0.03,-1.18
81581,0.25,0.03,-1.17
81591,0.19,0.02,-1.17
81601,0.20,0.03,-1.17
81631,0.27,0.03,-1.16
81671,0.20,0.02,-1.16
81701,0.23,0.03,-1.17
81741,0.27,0.03,-1.11
81761,0.22,0.03,-1.14
81771,0.17,0.02,-1.21
81781,0.25,0.03,-1.21
81831,0.28,0.03,-1.19
81841,0.28,0.03,-1.19
81851,0.27,0.03,-1.19
81861,0.26,0.03,-1.19
81931,0.22,0.03,-1.19
81971,0.24,0.03,-1.19
81981,0.24,0.03,-1.18
81991,0.24,0.03,-1.18
82001,0.24,0.03,-1.18
82021,0.29,0.03,-1.18
82031,0.28,0.03,-1.18
82041,0.14,0.03,-1.18
82051,0.17,0.03,-1.18
82091,0.27,0.03,-1.18
82131,0.30,0.03,-1.18
82191,0.28,0.03,-1.18
82201,0.28,0.03,-1.18
82211,0.27,0.03,-1.17
82261,0.27,0.03,-1.17
82281,0.20,0.03,-1.17
82321,0.29,0.04,-1.17
82351,0.27,0.03,-1.17
82381,0.18,0.03,-1.17
82391,0.26,0.03,-1.17
82431,0.28,0.03,-1.16
82461,0.27,0.03,-1.17
82471,0.27,0.03,-1.17
82501,0.23,0.04,-1.17
82521,0.34,0.04,-1.16
82531,0.32,0.04,-1.16
82581,0.27,0.03,-1.16
82641,0.23,0.04,-1.15
82651,0.30,0.04,-1.15
82661,0.29,0.04,-1.15
82671,0.28,0.04,-1.15
82681,0.22,0.04,-1.15
82721,0.31,0.04,-1.15
82731,0.30,0.04,-1.15
82741,0.35,0.04,-1.15
82781,0.29,0.04,-1.15
82801,0.29,0.04,-1.16
82811,0.29,0.04,-1.15
82821,0.29,0.04,-1.15
82881,0.32,0.04,-1.15
82891,0.30,0.04,-1.15
82911,0.28,0.04,-1.15
82931,0.22,0.04,-1.14
82941,0.17,0.04,-1.14
82951,0.13,0.04,-1.15
82991,0.37,0.04,-1.15
83011,0.33,0.04,-1.16
83061,0.23,0.04,-1.16
83081,0.25,0.04,-1.11
83091,0.26,0.03,-1.13
83101,0.26,0.03,-1.14
83151,0.29,0.04,-1.15
83161,0.29,0.04,-1.16
83171,0.28,0.04,-1.22
83191,0.27,0.04,-1.20
83201,0.26,0.04,-1.19
83211,0.26,0.04,-1.18
83221,0.25,0.04,-1.18
83231,0.24,0.04,-1.18
83241,0.24,0.04,-1.18
83251,0.24,0.04,-1.18
83311,0.18,0.04,-1.17
83321,0.20,0.04,-1.17
83331,0.22,0.04,-1.17
83351,0.30,0.04,-1.16
83391,0.30,0.04,-1.16
83401,0.29,0.04,-1.16
83431,0.29,0.04,-1.16
83441,0.23,0.04,-1.15
83461,0.26,0.04,-1.16
83471,0.27,0.04,-1.16
83531,0.26,0.04,-1.17
83541,0.26,0.04,-1.16
83551,0.26,0.04,-1.16
83561,0.26,0.04,-1.16
83601,0.26,0.04,-1.16
83611,0.26,0.04,-1.16
83621,0.26,0.04,-1.16
83631,0.26,0.04,-1.15
83651,0.26,0.05,-1.15
83691,0.26,0.05,-1.15
83711,0.26,0.05,-1.14
83721,0.26,0.05,-1.14
83731,0.26,0.05,-1.14
83741,0.26,0.05,-1.14
83751,0.26,0.05,-1.14
83781,0.22,0.05,-1.14
83791,0.29,0.05,-1.15
83801,0.28,0.05,-1.15
83841,0.27,0.05,-1.14
83861,0.27,0.05,-1.14
83881,0.27,0.05,-1.14
83911,0.26,0.05,-1.14
83921,0.26,0.05,-1.14
83931,0.26,0.05,-1.14
83941,0.20,0.05,-1.14
83951,0.22,0.05,-1.14
84011,0.28,0.05,-1.14
84051,0.27,0.05,-1.14
84061,0.27,0.05,-1.13
84081,0.33,0.05,-1.13
84121,0.23,0.06,-1.14
84131,0.23,0.06,-1.14
84141,0.23,0.06,-1.14
84151,0.17,0.06,-1.14
84161,0.19,0.06,-1.14
84211,0.28,0.06,-1.15
84221,0.27,0.06,-1.15
84261,0.27,0.06,-1.14
84271,0.27,0.06,-1.14
84321,0.19,0.06,-1.15
84331,0.21,0.06,-1.15
84351,0.23,0.06,-1.15
84361,0.24,0.06,-1.15
84371,0.25,0.06,-1.15
84381,0.31,0.06,-1.15
84391,0.30,0.06,-1.15
84451,0.29,0.06,-1.14
84461,0.29,0.06,-1.15
84471,0.29,0.06,-1.15
84481,0.29,0.06,-1.14
84491,0.29,0.06,-1.14
84501,0.29,0.06,-1.14
84531,0.23,0.06,-1.14
84551,0.25,0.06,-1.14
84561,0.25,0.06,-1.14
84571,0.31,0.06,-1.14
84581,0.30,0.06,-1.14
84591,0.29,0.06,-1.14
84611,0.28,0.06,-1.14
84631,0.21,0.06,-1.14
84641,0.16,0.06,-1.15
84651,0.19,0.06,-1.15
84661,0.21,0.06,-1.15
84671,0.23,0.06,-1.15
84681,0.31,0.06,-1.15
84691,0.36,0.06,-1.15
84751,0.25,0.07,-1.15
84761,0.26,0.07,-1.15
84771,0.32,0.07,-1.15
84841,0.31,0.07,-1.17
84871,0.26,0.07,-1.18
84941,0.21,0.08,-1.16
84961,0.28,0.08,-1.15
84981,0.26,0.07,-1.15
84991,0.26,0.08,-1.15
85001,0.32,0.08,-1.15
85011,0.31,0.08,-1.15
85051,0.28,0.08,-1.16
85081,0.18,0.08,-1.17
85121,0.27,0.08,-1.16
85131,0.20,0.08,-1.16
85141,0.28,0.08,-1.16
85151,0.27,0.08,-1.16
85161,0.33,0.08,-1.15
85171,0.31,0.08,-1.15
85181,0.30,0.08,-1.15
85201,0.19,0.08,-1.15
85211,0.21,0.07,-1.14
85221,0.23,0.07,-1.14
85271,0.29,0.08,-1.15
85281,0.28,0.08,-1.16
85291,0.28,0.09,-1.16
85301,0.27,0.08,-1.17
85351,0.21,0.08,-1.16
85361,0.22,0.08,-1.16
85371,0.23,0.08,-1.10
85391,0.29,0.08,-1.11
85411,0.28,0.08,-1.17
85421,0.28,0.08,-1.17
85431,0.28,0.08,-1.17
85441,0.28,0.08,-1.17
85481,0.28,0.09,-1.18
85491,0.28,0.09,-1.17
85501,0.21,0.09,-1.18
85571,0.28,0.09,-1.17
85591,0.34,0.09,-1.17
85601,0.45,0.09,-1.16
85661,0.23,0.09,-1.18
85681,0.26,0.09,-1.19
85721,0.24,0.10,-1.19
85731,0.25,0.10,-1.19
85781,0.28,0.09,-1.18
85791,0.28,0.09,-1.17
85801,0.28,0.09,-1.17
85811,0.28,0.09,-1.17
85861,0.22,0.09,-1.17
85871,0.24,0.09,-1.18
85881,0.31,0.09,-1.18
85891,0.30,0.09,-1.18
85951,0.30,0.10,-1.17
85961,0.30,0.10,-1.17
85971,0.30,0.10,-1.17
85981,0.30,0.10,-1.17
85991,0.24,0.10,-1.16
86041,0.36,0.10,-1.16
86051,0.34,0.10,-1.16
86081,0.28,0.10,-1.17
86091,0.34,0.10,-1.16
86211,0.27,0.10,-1.18
86221,0.27,0.10,-1.25
86241,0.33,0.10,-1.22
86251,0.25,0.10,-1.21
86291,0.33,0.10,-1.18
86311,0.31,0.10,-1.17
86321,0.29,0.09,-1.11
86331,0.29,0.09,-1.12
86381,0.24,0.09,-1.16
86391,0.24,0.09,-1.17
86401,0.25,0.10,-1.18
86461,0.29,0.10,-1.19
86471,0.22,0.10,-1.19
86481,0.23,0.10,-1.19
86561,0.29,0.10,-1.19
86571,0.22,0.10,-1.19
86581,0.23,0.10,-1.18
86591,0.30,0.10,-1.18
86601,0.29,0.10,-1.18
86661,0.31,0.10,-1.18
86681,0.33,0.10,-1.18
86731,0.24,0.10,-1.19
86741,0.24,0.10,-1.19
86751,0.12,0.10,-1.19
86791,0.29,0.10,-1.19
86811,0.28,0.10,-1.19
86821,0.21,0.10,-1.19
86861,0.34,0.10,-1.16
86871,0.32,0.10,-1.17
86881,0.24,0.10,-1.17
86941,0.23,0.10,-1.20
86951,0.23,0.10,-1.20
86991,0.26,0.10,-1.19
87021,0.25,0.10,-1.19
87031,0.31,0.10,-1.19
87041,0.29,0.10,-1.19
87051,0.28,0.10,-1.19
87061,0.21,0.10,-1.19
87071,0.16,0.10,-1.13
87081,0.18,0.10,-1.14
87091,0.20,0.10,-1.15
87101,0.21,0.10,-1.16
87111,0.28,0.10,-1.17
87171,0.18,0.10,-1.23
87181,0.20,0.10,-1.22
87191,0.21,0.10,-1.21
87201,0.22,0.10,-1.20
87261,0.30,0.10,-1.19
87271,0.28,0.10,-1.19
87281,0.27,0.10,-1.19
87311,0.26,0.10,-1.19
87321,0.20,0.10,-1.18
87331,0.21,0.10,-1.18
87341,0.23,0.10,-1.18
87361,0.24,0.10,-1.18
87371,0.24,0.10,-1.18
87381,0.24,0.11,-1.18
87451,0.26,0.11,-1.18
87461,0.26,0.11,-1.17
87471,0.26,0.11,-1.17
87481,0.26,0.11,-1.17
87551,0.26,0.11,-1.16
87561,0.20,0.11,-1.16
87581,0.18,0.11,-1.16
87591,0.20,0.11,-1.16
87611,0.23,0.11,-1.16
87621,0.24,0.11,-1.16
87631,0.24,0.11,-1.15
87691,0.31,0.11,-1.16
87771,0.25,0.11,-1.15
87781,0.25,0.11,-1.15
87841,0.32,0.11,-1.14
87861,0.34,0.11,-1.15
87871,0.32,0.11,-1.15
87881,0.30,0.11,-1.15
87951,0.17,0.11,-1.14
87971,0.20,0.11,-1.14
87981,0.27,0.11,-1.14
87991,0.26,0.11,-1.14
88001,0.26,0.11,-1.15
88011,0.26,0.11,-1.14
88121,0.21,0.11,-1.03
88131,0.15,0.11,-1.01
88141,0.10,0.10,-0.99
88151,0.03,0.09,-0.95
88171,0.11,0.06,-0.94
88181,0.13,0.06,-1.05
88191,0.24,0.07,-1.08
88211,0.41,0.15,-1.12
88221,0.39,0.19,-0.98
88251,0.66,0.31,-0.49
88261,0.64,0.37,-0.38
88271,0.77,0.42,-0.15
88281,0.83,0.45,-0.08
88291,0.83,0.50,0.26
88311,0.90,0.54,0.91
88331,1.16,0.42,1.04
88341,1.22,0.42,1.21
88361,0.50,0.76,1.37
88391,-0.48,0.98,0.25
88401,-0.41,1.00,-0.48
88411,-0.62,1.20,-0.94
88421,-0.77,1.33,-1.29
88441,-0.95,1.68,-2.50
88451,-1.21,1.84,-2.88
88461,-1.26,1.94,-2.73
88481,-1.67,1.78,-1.34
88491,-1.71,1.86,-0.69
88511,-1.34,1.59,1.72
88521,-1.13,1.61,2.35
88531,-0.85,1.89,2.12
88591,-1.31,2.47,0.36
88601,-1.33,2.33,0.78
88611,-1.35,2.30,1.24
88671,0.41,2.34,2.00
88681,0.77,2.14,2.17
88741,-1.11,2.90,0.45
88761,-0.74,2.81,0.00
88771,-0.46,2.78,-0.09
88781,0.11,2.77,-0.59
88791,0.15,2.79,-0.70
88801,0.43,2.80,-1.08
88811,0.27,2.77,-1.03
88821,0.36,2.75,-1.25
88831,0.06,2.67,-1.21
88841,0.11,2.64,-1.49
88851,-0.03,2.57,-1.53
88861,0.27,2.60,-1.79
88871,0.56,2.60,-2.07
88881,0.56,2.48,-2.06
88901,1.28,2.47,-2.12
88911,1.69,2.49,-2.25
88931,1.88,2.40,-2.30
88941,1.83,2.36,-2.25
88951,1.99,2.41,-2.27
88971,1.81,2.24,-2.26
88991,1.92,2.25,-2.12
89001,2.12,2.31,-2.05
89011,2.09,2.25,-1.97
89021,2.12,2.20,-1.93
89031,2.10,2.14,-1.90
89051,2.11,2.19,-1.79
89071,2.02,2.24,-1.63
89091,1.77,2.20,-1.43
89111,1.57,2.14,-1.39
89131,1.42,2.12,-1.29
89161,1.46,2.24,-0.79
89171,1.38,2.28,-0.54
89191,1.15,2.28,-0.32
89201,0.87,2.20,-0.49
89211,0.58,2.14,-0.70
89221,0.32,2.10,-0.93
89231,0.04,2.09,-1.07
89241,-0.07,2.10,-1.11
89251,-0.16,2.11,-1.03
89261,-0.14,2.11,-0.84
89291,-0.26,2.15,-0.38
89311,-0.12,2.20,-0.41
89331,-0.50,2.29,-0.67
89341,-0.34,2.30,-0.65
89361,0.01,2.29,-0.42
89371,0.21,2.28,-0.19
89391,0.62,2.31,0.05
89421,0.51,2.39,0.05
89441,0.34,2.38,0.31
89451,0.32,2.36,0.41
89461,0.38,2.35,0.51
89471,0.49,2.33,0.69
89491,0.64,2.33,0.80
89511,0.50,2.37,0.96
89521,0.36,2.40,1.00
89531,0.31,2.38,1.02
89541,0.18,2.39,1.03
89551,0.15,2.37,1.02
89561,0.11,2.37,0.98
89591,0.51,2.23,0.83
89601,0.51,2.24,0.74
89611,0.30,2.32,0.77
89621,0.15,2.35,0.75
89631,-0.11,2.41,0.67
89691,-0.28,2.40,0.23
89701,-0.34,2.42,0.23
89711,-0.51,2.47,0.16
89721,-0.66,2.48,0.17
89731,-0.85,2.52,0.05
89781,-0.80,2.52,-0.22
89791,-0.86,2.54,-0.24
89821,-1.25,2.58,-0.27
89831,-1.22,2.64,-0.45
89841,-1.20,2.64,-0.40
89851,-1.39,2.63,-0.32
89891,-2.41,2.62,0.05
89901,-1.80,2.68,0.01
89911,-1.01,2.75,-0.07
89921,-0.42,2.78,-0.10
89931,0.28,2.77,-0.09
89961,1.11,2.71,0.22
89971,1.13,2.70,0.36
89981,1.08,2.70,0.48
89991,1.05,2.70,0.55
90001,1.07,2.71,0.45
90011,1.24,2.72,0.35
90021,1.49,2.73,0.22
90041,1.92,2.76,0.12
90051,2.10,2.78,0.12
90071,2.05,2.87,0.36
90101,1.67,2.96,0.70
90111,1.50,2.94,0.57
90131,1.13,2.85,0.07
90141,1.29,2.77,-0.24
90161,1.37,2.77,-0.48
90171,1.29,2.84,-0.34
90191,0.92,2.96,0.18
90201,0.66,2.98,0.42
90221,0.26,2.97,0.71
90271,-0.32,2.96,0.29
90281,-0.32,2.98,0.25
90311,-0.43,3.02,0.54
90321,-0.56,3.02,0.50
90361,-1.31,3.03,-0.22
90421,-1.02,2.96,-0.52
90431,-1.08,2.96,-0.55
90441,-1.19,2.95,-0.54
90501,-1.48,3.00,-1.19
90511,-1.32,3.01,-1.17
90521,-1.20,3.04,-1.19
90531,-1.16,3.04,-1.19
90541,-0.97,3.08,-1.18
90581,-0.75,3.09,-1.08
90591,-0.81,3.06,-1.08
90621,-0.55,3.09,-1.13
90631,-0.44,3.09,-1.13
90651,-0.23,3.08,-1.05
90671,-0.12,3.04,-0.85
90681,-0.13,3.01,-0.75
90701,-0.06,3.01,-0.71
90741,0.00,2.97,-0.83
90751,0.07,2.96,-0.77
90761,0.07,2.94,-0.72
90811,0.62,2.95,-0.06
90821,0.62,2.94,0.06
90831,0.45,2.91,-0.01
90841,0.41,2.90,-0.04
90851,0.36,2.89,-0.05
90911,0.72,2.83,0.42
90921,0.75,2.81,0.42
90931,0.66,2.80,0.47
90941,0.59,2.79,0.50
90951,0.47,2.79,0.59
91001,0.25,2.69,0.54
91031,0.44,2.64,0.66
91041,0.43,2.63,0.72
91051,0.37,2.64,0.82
91061,0.27,2.64,0.91
91071,0.15,2.63,0.91
91121,0.08,2.55,0.81
91141,0.12,2.52,0.76
91151,0.11,2.51,0.74
91161,0.07,2.51,0.73
91171,0.02,2.49,0.71
91191,-0.13,2.47,0.68
91201,-0.18,2.46,0.67
91211,-0.19,2.44,0.63
91221,-0.16,2.42,0.58
91231,-0.04,2.38,0.52
91251,0.02,2.35,0.51
91261,0.02,2.34,0.48
91281,-0.06,2.33,0.43
91291,-0.13,2.33,0.46
91311,-0.24,2.32,0.44
91321,-0.24,2.31,0.46
91331,-0.20,2.31,0.41
91341,-0.17,2.30,0.32
91351,-0.13,2.30,0.35
91361,-0.10,2.30,0.23
91391,-0.06,2.30,0.16
91401,-0.15,2.31,0.14
91411,-0.14,2.31,0.04
91431,-0.12,2.31,-0.14
91441,-0.07,2.30,-0.20
91451,-0.10,2.30,-0.26
91461,-0.05,2.30,-0.20
91481,-0.05,2.29,-0.15
91491,-0.08,2.29,-0.17
91501,-0.09,2.29,-0.11
91541,0.16,2.30,-0.23
91561,0.30,2.32,-0.74
91571,0.33,2.33,-1.22
91581,0.26,2.33,-1.82
91601,0.14,2.36,-2.94
91621,0.20,2.43,-3.55
91641,0.42,2.51,-3.69
91651,0.55,2.56,-3.69
91661,0.64,2.58,-3.84
91671,0.67,2.59,-4.06
91681,0.62,2.58,-4.29
91691,0.50,2.54,-4.65
91711,0.19,2.46,-5.07
91731,0.20,2.62,-5.30
91741,0.18,2.62,-5.24
91771,0.31,2.62,-5.33
91781,0.31,2.60,-5.31
91791,0.25,2.56,-5.20
91801,0.15,2.51,-5.08
91821,-0.02,2.47,-4.98
91831,-0.04,2.50,-5.07
91851,0.06,2.64,-4.95
91861,0.14,2.70,-4.62
91871,0.14,2.64,-4.79
91881,0.11,2.58,-4.43
91901,-0.19,2.26,-4.08
91921,-0.32,2.20,-3.76
91931,-0.33,2.20,-3.30
91941,-0.24,2.30,-3.19
91951,-0.18,2.31,-2.73
91971,0.01,2.34,-2.12
91981,0.07,2.34,-2.01
91991,0.09,2.32,-1.65
92001,0.04,2.29,-1.59
92021,-0.11,2.25,-1.15
92031,-0.15,2.25,-0.76
92051,-0.05,2.28,-0.29
92061,0.01,2.27,0.07
92071,0.07,2.27,0.08
92081,0.05,2.24,0.31
92091,0.02,2.23,0.34
92101,-0.11,2.21,0.42
92111,-0.29,2.20,0.39
92121,-0.40,2.18,0.57
92131,-0.54,2.18,0.35
92151,-0.60,2.15,0.36
92161,-0.59,2.13,0.66
92181,-0.45,2.09,0.93
92191,-0.37,2.07,1.14
92201,-0.33,2.06,1.15
92211,-0.24,2.00,1.30
92221,-0.33,2.06,1.27
92231,-0.29,2.01,1.62
92241,-0.30,2.01,1.90
92291,0.15,1.83,4.38
92321,0.24,1.78,4.82
92361,0.13,1.73,4.90
92371,0.15,1.74,4.85
92381,0.12,1.83,4.95
92421,0.60,1.57,5.34
92441,0.49,1.82,5.16
92451,0.54,1.72,5.04
92461,0.50,1.74,4.88
92471,0.57,1.64,4.79
92481,0.58,1.64,4.71
92491,0.68,1.53,4.61
92501,0.71,1.53,4.54
92521,0.82,1.52,4.33
92531,0.95,1.43,4.26
92561,0.95,1.52,3.88
92591,0.71,1.65,3.10
92601,0.68,1.67,2.84
92611,0.76,1.59,2.69
92621,0.89,1.50,2.58
92631,1.03,1.46,2.63
92641,1.14,1.40,2.45
92651,1.07,1.49,2.23
92661,1.01,1.52,1.90
92681,0.96,1.49,1.56
92691,0.93,1.47,1.47
92711,0.82,1.53,1.90
92771,0.64,1.41,3.57
92781,0.59,1.36,3.49
92791,0.37,1.40,3.39
92811,0.15,1.38,3.29
92821,0.15,1.35,3.39
92841,0.07,1.37,3.86
92851,0.13,1.36,4.13
92871,0.16,1.33,4.47
92891,-0.07,1.38,4.39
92921,-0.51,1.41,4.12
92941,-0.61,1.38,4.10
92951,-0.64,1.38,4.16
92971,-0.51,1.31,4.12
92981,-0.46,1.28,4.25
93001,-0.45,1.24,4.36
93011,-0.52,1.25,4.17
93031,-0.69,1.23,3.96
93041,-0.62,1.09,4.03
93071,-0.58,0.95,3.56
93081,-0.55,0.90,3.54
93091,-0.54,0.87,3.37
93101,-0.54,0.84,3.19
93111,-0.56,0.80,3.14
93131,-0.71,0.74,2.98
93141,-0.73,0.72,2.75
93161,-0.60,0.60,2.54
93171,-0.52,0.55,2.50
93181,-0.43,0.55,2.22
93201,-0.42,0.52,1.92
93221,-0.56,0.45,1.78
93231,-0.65,0.46,1.50
93251,-0.57,0.43,1.20
93261,-0.45,0.40,1.19
93271,-0.37,0.39,1.06
93281,-0.24,0.34,1.17
93301,-0.20,0.34,0.55
93331,-0.37,0.36,-1.52
93351,-0.37,0.36,-2.53
93361,-0.28,0.41,-3.06
93381,0.03,0.49,-3.33
93401,0.18,0.48,-3.60
93421,0.03,0.34,-4.07
93431,-0.07,0.30,-4.17
93441,-0.16,0.30,-4.58
93451,-0.20,0.30,-4.60
93461,-0.19,0.35,-4.87
93471,-0.12,0.44,-5.16
93481,0.00,0.52,-5.16
93491,0.05,0.48,-5.36
93501,0.07,0.42,-5.27
93511,0.08,0.34,-5.22
93531,0.11,0.37,-5.15
93541,0.01,0.23,-5.12
93551,-0.01,0.23,-5.08
93561,-0.02,0.25,-5.01
93571,0.05,0.40,-4.93
93581,0.07,0.42,-4.83
93611,0.10,0.24,-4.61
93641,0.27,0.33,-3.73
93671,-0.12,-0.02,-3.44
93681,-0.60,-0.23,-3.20
93691,-1.08,-0.21,-2.99
93701,-1.76,-0.32,-2.61
93721,-2.66,-0.02,-2.09
93731,-3.00,0.03,-1.64
93751,-2.91,0.57,-1.10
93761,-2.87,0.67,-1.05
93781,-3.20,0.45,-0.71
93791,-3.56,0.30,-0.53
93801,-3.87,0.25,-0.32
93811,-4.27,0.16,-0.06
93831,-4.83,0.15,0.37
93851,-4.89,0.15,0.85
93861,-4.69,0.12,1.07
93871,-4.34,0.21,1.05
93881,-3.72,0.19,1.14
93901,-2.77,0.04,1.21
93911,-2.60,0.04,1.18
93921,-2.15,0.01,1.14
93931,-2.23,0.06,1.13
93941,-2.05,0.03,1.17
93951,-2.03,0.03,1.25
93961,-1.71,-0.00,1.28
93991,-0.65,-0.06,1.37
94011,0.55,-0.13,1.07
94021,0.69,-0.01,0.91
94041,0.83,0.16,0.71
94051,1.04,0.12,0.70
94061,1.12,0.12,0.74
94081,1.80,-0.04,0.86
94111,2.91,-0.14,0.75
94131,3.16,-0.08,0.67
94171,3.26,-0.03,0.58
94181,3.50,-0.07,0.61
94241,3.51,-0.06,0.27
94251,3.33,-0.06,0.20
94261,3.24,-0.14,0.08
94311,2.99,-0.17,-0.06
94321,2.98,-0.04,-0.00
94331,2.83,-0.05,-0.11
94351,2.54,-0.09,-0.30
94361,2.27,-0.03,-0.30
94371,1.93,-0.09,-0.42
94401,2.32,-0.07,-0.49
94421,3.58,-0.10,-0.56
94431,3.93,-0.14,-0.64
94441,4.14,-0.15,-0.73
94451,4.09,-0.04,-0.66
94461,4.01,-0.10,-0.77
94471,3.87,-0.04,-0.74
94481,3.69,-0.10,-0.82
94531,4.33,-0.16,-0.89
94541,4.44,-0.17,-0.91
94551,4.43,-0.19,-0.91
94561,4.36,-0.14,-0.85
94601,4.09,-0.04,-0.84
94611,4.01,-0.08,-0.84
94621,4.10,-0.03,-0.74
94661,3.90,-0.01,-0.50
94671,3.86,-0.01,-0.48
94681,3.55,-0.06,-0.47
94761,2.59,0.14,0.06
94771,2.31,0.18,0.16
94781,2.21,0.17,0.17
94811,1.57,0.20,0.13
94831,1.37,0.24,0.17
94841,1.33,0.26,0.22
94851,1.06,0.29,0.26
94861,0.98,0.30,0.28
94871,0.67,0.32,0.29
94891,0.48,0.35,0.31
94911,-0.05,0.40,0.33
94921,-0.82,0.46,0.32
94931,-1.33,0.47,0.30
94961,-3.10,0.50,0.32
94981,-3.51,0.48,0.27
94991,-3.41,0.46,0.26
95001,-3.62,0.49,0.22
95021,-3.94,0.52,0.16
95031,-4.34,0.53,0.18
95051,-4.89,0.50,0.26
95061,-4.98,0.37,0.37
95071,-5.20,0.37,0.39
95081,-5.14,0.37,0.37
95101,-5.11,0.41,0.28
95111,-5.15,0.46,0.19
95121,-5.10,0.49,0.09
95131,-5.12,0.52,0.00
95141,-5.13,0.48,-0.00
95161,-5.08,0.39,0.07
95171,-4.98,0.33,0.13
95191,-4.53,0.26,0.19
95201,-4.31,0.25,0.16
95221,-3.98,0.36,0.02
95231,-3.83,0.33,0.01
95241,-3.67,0.29,0.01
95251,-3.56,0.26,-0.00
95311,-2.19,0.17,0.10
95321,-2.03,0.16,0.09
95331,-1.71,0.20,0.00
95341,-1.49,0.17,-0.01
95361,-1.18,0.06,0.07
95381,-0.85,-0.05,0.21
95391,-0.55,-0.10,0.27
95411,-0.13,-0.08,0.16
95421,0.09,-0.11,0.14
95441,0.25,-0.17,0.12
95461,0.55,-0.23,0.11
95481,0.77,-0.27,0.13
95491,0.87,-0.28,0.15
95501,1.02,-0.29,0.13
95511,1.16,-0.30,0.11
95551,1.24,-0.32,0.01
95571,1.28,-0.32,0.01
95591,1.37,-0.30,0.10
95641,1.44,-0.32,0.17
95651,1.28,-0.32,0.22
95681,1.00,-0.37,0.18
95691,1.02,-0.43,0.07
95701,0.92,-0.45,0.02
95711,0.90,-0.49,-0.07
95731,0.83,-0.49,-0.01
95751,0.64,-0.51,0.17
95761,0.55,-0.53,0.26
95781,0.38,-0.52,0.48
95801,0.16,-0.54,0.56
95811,-0.01,-0.56,0.53
95821,-0.11,-0.60,0.46
95831,-0.24,-0.62,0.39
95841,-0.20,-0.65,0.37
95851,-0.27,-0.66,0.38
95871,-0.29,-0.70,0.46
95881,-0.40,-0.72,0.49
95891,-0.51,-0.73,0.49
95901,-0.55,-0.75,0.48
95911,-0.75,-0.75,0.44
95941,-0.92,-0.59,0.25
95951,-0.83,-0.49,0.24
95961,-0.87,-0.36,0.25
95971,-0.84,-0.23,0.34
95981,-0.89,-0.06,0.34
95991,-0.94,0.11,0.33
96001,-0.98,0.30,0.33
96011,-0.95,0.50,0.28
96021,-1.01,0.72,0.17
96041,-1.09,1.17,0.04
96051,-1.00,1.41,0.03
96061,-0.94,1.66,0.03
96071,-0.84,1.91,0.12
96081,-0.74,2.17,0.22
96101,-0.68,2.75,0.23
96111,-0.65,3.07,0.14
96131,-0.58,3.72,-0.05
96141,-0.59,4.06,-0.10
96161,-0.75,4.72,0.02
96191,-0.41,5.90,-0.67
96211,-0.08,6.69,-0.94
96231,0.55,7.53,-0.72
96241,0.60,7.94,-0.37
96251,0.37,8.32,-0.04
96261,0.12,8.72,0.25
96271,-0.28,9.11,0.39
96281,-0.68,9.52,0.48
96291,-0.89,9.96,0.46
96311,-1.16,10.86,0.31
96321,-1.05,11.32,0.19
96341,-0.93,12.23,0.01
96351,-1.01,12.69,0.03
96361,-1.28,13.15,-0.02
96371,-1.53,13.61,-0.02
96381,-1.72,14.09,-0.04
96391,-1.70,14.55,0.07
96401,-1.59,15.01,0.18
96411,-1.35,15.46,0.33
96431,-0.80,16.39,0.47
96441,-0.54,16.86,0.45
96451,-0.44,17.33,0.47
96461,-0.30,17.79,0.47
96471,-0.36,18.23,0.60
96531,0.08,20.83,1.53
96541,0.14,21.30,1.23
96581,-0.38,23.20,-0.27
96601,-0.60,24.12,-0.67
96611,-0.55,24.56,-0.78
96621,-0.34,25.00,-0.70
96671,-0.30,27.19,-1.20
96711,-0.36,28.88,-1.35
96721,-0.32,29.31,-1.23
96731,-0.17,29.76,-1.13
96781,0.63,31.97,-0.77
96801,0.56,32.76,-0.77
96811,0.59,33.20,-0.63
96831,0.76,34.12,-0.31
96881,0.98,36.25,-0.07
96901,1.10,37.17,0.10
96911,1.12,37.65,0.27
96921,1.10,38.09,0.39
96951,0.99,39.40,0.71
96971,0.99,40.23,0.75
96981,0.98,40.72,0.92
96991,1.02,41.14,0.94
97061,0.27,44.29,1.42
97071,0.23,44.72,1.38
97091,0.10,45.57,1.22
97161,-0.39,48.55,1.07
97171,-0.46,49.00,1.07
97181,-0.56,49.45,1.05
97191,-0.69,49.90,0.93
97201,-0.84,50.32,0.85
97221,-0.86,50.96,0.67
97261,-1.29,52.21,0.43
97271,-1.31,52.47,0.40
97281,-1.43,52.75,0.34
97291,-1.40,52.99,0.20
97351,-1.21,54.18,0.07
97371,-1.35,54.56,-0.08
97381,-1.43,54.72,-0.15
97421,-1.40,55.36,-0.50
97431,-1.24,55.51,-0.52
97441,-1.13,55.63,-0.49
97481,-1.01,56.10,-0.45
97501,-0.99,56.33,-0.52
97511,-0.90,56.44,-0.55
97521,-0.76,56.56,-0.58
97581,-0.55,56.99,-0.25
97591,-0.42,57.09,-0.27
97611,-0.17,57.28,-0.37
97651,0.18,57.58,-0.46
97661,0.30,57.66,-0.32
97671,0.39,57.73,-0.16
97701,0.55,57.95,0.10
97711,0.55,58.01,0.13
97741,0.60,58.18,-0.06
97751,0.64,58.24,-0.06
97771,0.71,58.36,0.05
97801,0.69,58.45,0.02
97811,0.81,58.47,-0.14
97821,1.02,58.48,-0.51
97831,1.37,58.49,-1.05
97841,1.72,58.55,-1.45
97881,2.47,58.82,-2.34
97921,2.83,58.92,-2.19
97931,2.90,58.91,-2.34
97981,3.21,58.89,-3.64
98001,3.25,59.03,-3.53
98011,3.26,58.97,-3.55
98021,3.26,59.02,-3.39
98031,3.39,59.18,-3.24
98041,3.33,59.18,-3.16
98051,3.37,59.13,-3.29
98061,3.31,59.08,-3.39
98071,3.26,58.95,-3.66
98091,2.90,58.96,-3.59
98111,2.72,59.05,-3.44
98131,2.50,58.85,-3.34
98151,2.53,59.00,-3.05
98161,2.57,58.94,-3.11
98171,2.42,59.00,-2.82
98181,2.41,59.08,-2.74
98191,2.20,59.08,-2.59
98201,2.02,58.99,-2.62
98221,1.64,59.02,-2.36
98241,1.23,59.15,-1.74
98261,1.15,59.29,-1.37
98271,1.21,59.33,-1.35
98281,1.05,59.40,-1.00
98291,1.06,59.48,-0.91
98301,0.87,59.53,-0.73
98311,0.73,59.51,-0.93
98331,0.47,59.65,-0.64
98351,0.12,59.78,-0.09
98361,0.22,59.85,0.02
98371,0.12,59.91,0.32
98381,0.10,59.96,0.36
98391,0.01,60.01,0.56
98401,-0.03,60.07,0.47
98411,-0.26,60.14,0.49
98421,-0.28,60.17,0.41
98431,-0.46,60.21,0.48
98441,-0.54,60.28,0.31
98451,-0.65,60.29,0.48
98501,-0.57,60.34,1.27
98571,-0.69,60.67,2.57
98581,-0.72,60.74,2.92
98601,-0.76,61.01,3.07
98651,-0.59,61.21,3.64
98661,-0.44,61.23,3.74
98671,-0.33,61.17,4.15
98681,-0.14,61.15,4.31
98691,0.04,61.03,4.62
98701,0.11,61.11,4.68
98721,0.29,61.10,4.77
98731,0.32,61.07,4.89
98741,0.25,61.16,4.92
98751,0.40,60.91,4.97
98781,0.75,60.64,4.95
98801,0.69,60.91,4.67
98811,0.78,60.83,4.45
98831,0.88,60.73,4.24
98841,0.97,60.63,4.11
98851,1.09,60.54,3.94
98861,1.13,60.58,3.76
98881,1.22,60.58,3.49
98891,1.25,60.55,3.29
98901,1.32,60.47,3.21
98921,1.27,60.50,2.65
98931,1.22,60.52,2.36
98951,1.08,60.62,1.66
98971,1.22,60.47,1.34
98981,1.20,60.48,1.07
99001,1.13,60.47,0.42
99021,1.15,60.41,0.05
99041,1.14,60.34,-0.40
99051,1.12,60.29,-0.73
99061,1.00,60.25,-1.05
99071,0.94,60.20,-1.33
99081,0.84,60.17,-1.49
99101,0.88,60.12,-1.65
99121,0.63,59.96,-1.93
99131,0.12,59.79,-1.95
99151,-1.24,59.66,-1.32
99161,-1.81,59.81,-0.97
99171,-2.89,59.69,-0.57
99191,-4.20,59.85,-0.33
99201,-4.40,60.13,-0.50
99211,-4.82,60.05,-0.31
99221,-4.91,60.16,-0.32
99241,-5.51,59.83,0.15
99261,-6.07,59.66,0.84
99271,-6.35,59.60,1.24
99291,-7.14,59.82,1.57
99311,-7.61,59.91,1.83
99331,-7.73,59.63,2.17
99341,-7.77,59.49,2.32
99361,-7.67,59.20,2.71
99371,-7.69,58.96,2.97
99381,-7.64,58.75,3.20
99391,-7.67,58.74,3.32
99421,-7.72,58.91,3.33
99441,-7.53,58.87,3.24
99451,-7.29,58.84,3.20
99471,-6.73,58.15,3.50
99481,-6.38,58.06,3.49
99501,-6.04,57.98,3.47
99511,-6.02,57.95,3.44
99531,-5.71,58.07,3.11
99551,-5.26,57.87,2.89
99561,-4.77,57.94,2.60
99571,-4.65,57.95,2.53
99581,-4.14,58.02,2.28
99591,-3.98,57.99,2.25
99611,-3.03,57.91,1.91
99621,-2.96,57.92,1.90
99631,-2.56,57.85,1.79
99641,-2.56,57.83,1.82
99681,-1.46,57.74,1.46
99691,-1.02,57.80,1.07
99701,-0.96,57.85,0.95
99711,-0.55,57.86,0.62
99721,-0.47,57.86,0.71
99731,-0.12,57.86,0.45
99741,0.26,57.85,0.38
99801,1.01,57.83,-0.09
99821,1.17,57.85,-0.24
99871,1.56,57.77,-0.58
99911,1.37,57.84,-0.71
99941,1.26,57.95,-0.49
99951,1.18,57.68,-0.70
99971,0.97,57.47,-0.88
99991,0.72,57.56,-0.81
100011,0.52,57.52,-0.78
100021,0.39,57.42,-0.80
100041,0.14,57.26,-0.82
100061,-0.11,57.15,-0.75
100071,-0.30,57.07,-0.67
100081,-0.35,57.14,-0.53
100101,-0.55,57.20,-0.26
100111,-0.63,57.22,-0.17
100121,-0.72,57.17,-0.18
100131,-0.82,57.08,-0.26
100141,-1.01,57.01,-0.24
100161,-1.24,56.93,-0.29
100181,-1.38,57.01,0.02
100191,-1.41,57.03,0.16
100211,-1.39,57.12,0.62
100231,-1.67,56.96,0.36
100261,-2.06,56.87,-0.17
100271,-2.10,56.85,-0.57
100291,-2.15,56.84,-1.00
100311,-2.00,56.85,-1.04
100331,-1.92,56.83,-1.14
100351,-1.94,56.78,-1.13
100361,-1.89,56.80,-1.32
100381,-1.83,56.85,-1.64
100391,-1.65,56.94,-1.88
100411,-1.59,56.92,-2.06
100421,-1.59,56.87,-1.99
100441,-1.38,56.88,-1.91
100461,-1.21,56.91,-1.87
100481,-1.05,56.98,-1.82
100501,-0.66,57.25,-1.95
100511,-0.73,57.21,-1.85
100521,-0.64,57.28,-1.97
100531,-0.62,57.30,-1.94
100551,-0.50,57.40,-1.92
100561,-0.34,57.52,-1.93
100581,-0.26,57.62,-1.77
100591,-0.27,57.66,-1.63
100611,-0.22,57.76,-1.56
100621,-0.12,57.84,-1.65
100631,-0.01,57.93,-1.76
100641,-0.14,57.92,-1.78
100651,-0.06,58.02,-1.82
100661,-0.15,58.06,-1.69
100671,-0.06,58.17,-1.58
100681,-0.19,58.15,-1.45
100691,-0.08,58.25,-1.31
100721,0.08,58.45,-0.84
100731,0.21,58.53,-0.78
100741,0.17,58.57,-0.69
100751,0.24,58.64,-0.60
100761,0.33,58.75,-0.45
100771,0.11,58.73,-0.44
100781,0.15,58.80,-0.36
100791,0.06,58.85,-0.27
100801,0.13,58.94,-0.10
100821,0.06,58.97,-0.02
100841,0.04,59.04,0.16
100851,-0.04,59.08,0.25
100861,0.10,59.14,0.41
100881,0.07,59.18,0.57
100891,0.08,59.21,0.69
100911,-0.07,59.20,0.61
100931,-0.03,59.26,0.81
100971,-0.08,59.36,0.97
100981,-0.15,59.44,1.13
100991,-0.09,59.43,1.09
101011,-0.07,59.45,0.98
101021,-0.05,59.45,0.83
101051,-0.11,59.59,0.64
101081,0.23,59.59,-0.76
101091,0.23,59.69,-1.33
101101,0.51,59.70,-1.90
101111,0.55,59.81,-2.18
101121,0.85,59.83,-2.59
101151,1.36,60.00,-2.82
101171,1.53,60.07,-2.96
101191,1.47,59.99,-3.54
101211,1.57,60.02,-4.12
101221,1.49,59.93,-4.43
101231,1.63,60.02,-4.57
101241,1.58,59.93,-4.74
101251,1.85,60.05,-4.77
101261,2.13,60.17,-4.56
101271,2.61,60.32,-4.44
101281,3.22,60.53,-4.31
101311,3.62,59.79,-4.65
101321,3.81,59.84,-4.68
101331,3.87,59.83,-4.46
101341,4.25,60.15,-3.85
101401,6.45,58.69,1.06
101431,6.60,58.16,2.09
101441,6.47,58.09,2.34
101451,6.48,58.28,2.84
101481,6.87,58.37,4.65
101511,7.36,58.51,6.56
101521,7.33,58.25,6.75
101531,7.09,58.35,6.98
101541,6.67,58.59,7.15
101551,6.32,58.25,6.99
101561,6.02,58.53,7.22
101581,5.71,58.72,7.65
101591,5.74,58.47,7.77
101611,5.58,58.60,8.09
101621,5.39,58.79,8.21
101631,5.27,58.77,8.26
101641,4.88,58.99,8.14
101651,4.73,58.68,7.96
101661,4.18,59.04,7.71
101681,3.47,59.03,7.26
101701,3.13,58.84,7.05
101711,2.86,59.11,6.94
101761,2.01,59.52,6.44
101781,1.00,60.04,5.57
101791,0.68,59.84,5.63
101801,0.03,60.04,5.13
101821,-0.78,59.81,4.34
101831,-0.84,59.31,4.15
101851,-1.15,59.06,3.31
101881,-1.70,59.15,2.00
101891,-1.80,58.84,1.91
101901,-2.15,59.03,1.37
101911,-2.42,59.18,0.80
101921,-2.46,58.62,0.94
101931,-2.63,58.75,0.41
101941,-2.61,58.33,0.46
101951,-2.73,58.58,-0.10
101961,-2.75,58.19,-0.04
101981,-2.99,58.34,-0.81
102001,-3.28,58.65,-1.77
102011,-3.42,58.80,-2.22
102031,-3.42,58.71,-2.56
102051,-3.11,58.57,-2.49
102061,-2.96,58.55,-2.44
102071,-2.84,58.30,-2.19
102081,-2.74,58.48,-2.28
102091,-2.75,58.39,-2.26
102101,-2.69,58.47,-2.36
102131,-2.25,58.33,-2.24
102151,-1.91,58.25,-2.10
102161,-1.70,58.32,-2.03
102171,-1.51,58.25,-1.82
102211,-1.52,58.30,-1.91
102231,-1.98,58.39,-3.27
102261,-2.63,58.03,-5.49
102271,-2.69,58.04,-6.08
102301,-2.13,57.95,-6.01
102311,-1.93,57.93,-5.95
102341,-0.99,58.25,-6.43
102351,-0.63,58.09,-6.52
102361,-0.05,58.22,-6.72
102391,1.45,57.45,-6.58
102401,2.18,57.58,-6.31
102411,2.50,57.12,-5.93
102421,3.02,57.11,-5.35
102431,3.30,56.99,-4.85
102441,3.16,56.58,-4.77
102451,2.92,56.45,-4.65
102461,2.39,56.24,-4.94
102481,1.18,56.23,-5.66
102501,0.71,57.14,-6.16
102521,0.75,57.72,-6.09
102541,1.03,57.90,-5.51
102551,1.01,57.79,-5.11
102561,0.90,57.67,-4.80
102571,0.59,57.37,-4.86
102581,0.11,57.12,-4.61
102591,-0.25,57.06,-4.82
102601,-0.68,57.00,-4.73
102621,-0.81,57.35,-4.63
102661,0.56,57.52,-3.57
102681,0.53,56.95,-3.09
102691,0.32,56.74,-2.81
102701,0.05,56.58,-2.73
102711,-0.22,56.45,-2.54
102721,-0.28,56.45,-2.59
102731,-0.33,56.39,-2.30
102741,-0.12,56.41,-2.32
102751,0.14,56.40,-2.00
102781,0.53,56.09,-1.26
102791,0.54,56.00,-0.90
102801,0.43,55.90,-0.92
102811,0.40,55.82,-0.64
102821,0.49,55.76,-0.31
102831,0.92,55.70,-0.12
102841,1.47,55.64,0.33
102851,2.04,55.56,0.46
102861,2.63,55.51,0.71
102871,2.89,55.50,0.76
102881,3.23,55.49,1.01
102911,3.25,55.47,1.10
102921,3.23,55.49,1.24
102931,3.36,55.40,1.24
102951,3.93,55.33,1.58
102961,4.23,55.24,1.51
102971,4.59,55.27,1.73
102981,4.74,55.29,1.66
103001,4.87,55.40,1.61
103011,4.79,55.49,1.61
103041,4.54,55.38,1.35
103061,4.68,55.51,1.93
103071,4.87,55.46,2.27
103081,4.89,55.62,2.70
103091,5.02,55.36,2.72
103101,4.86,55.41,2.81
103111,4.85,55.32,2.83
103131,4.66,55.10,2.57
103151,4.39,55.16,2.53
103161,4.19,55.34,2.63
103181,4.02,55.50,2.93
103191,4.04,55.40,3.01
103201,3.87,55.59,3.16
103221,3.68,55.61,3.11
103231,3.44,55.76,3.00
103251,3.09,56.00,2.86
103261,3.07,55.91,2.76
103281,2.74,56.10,2.67
103291,2.49,56.28,2.65
103301,2.51,56.19,2.67
103311,2.13,56.45,2.64
103321,1.83,56.62,2.55
103331,1.67,56.53,2.18
103341,1.39,56.67,2.01
103351,1.41,56.54,1.86
103371,1.20,56.62,1.78
103381,1.03,56.75,1.91
103391,1.07,56.69,1.91
103401,0.81,56.85,1.89
103421,0.63,56.84,1.67
103431,0.64,56.76,1.56
103441,0.35,56.87,1.43
103451,-0.01,57.03,1.26
103461,-0.03,56.92,1.33
103481,-0.17,56.81,1.45
103501,-0.29,56.87,1.19
103511,-0.52,56.98,1.03
103521,-0.51,56.97,0.88
103531,-0.73,57.08,0.60
103571,-1.00,57.14,0.14
103581,-1.18,57.17,0.12
103601,-1.16,57.16,0.15
103611,-1.04,57.21,0.08
103621,-1.04,57.23,0.05
103631,-0.97,57.19,0.05
103641,-0.98,57.22,-0.08
103661,-0.89,57.17,-0.21
103671,-0.80,57.10,-0.20
103691,-0.83,57.25,-0.51
103701,-0.87,57.26,-0.56
103721,-0.87,57.26,-0.62
103731,-0.92,57.29,-0.70
103751,-0.91,57.32,-0.81
103761,-0.78,57.27,-0.72
103771,-0.72,57.24,-0.69
103781,-0.50,57.30,-0.70
103791,-0.50,57.25,-0.64
103801,-0.44,57.27,-0.64
103811,-0.47,57.26,-0.64
103821,-0.40,57.33,-0.70
103831,-0.40,57.33,-0.68
103841,-0.38,57.33,-0.65
103861,-0.45,57.29,-0.62
103881,-0.23,57.38,-0.71
103921,0.15,57.33,-0.53
103941,0.21,57.35,-0.43
103991,-0.70,57.31,-0.93
104001,-1.31,57.32,-1.35
104051,-4.25,57.34,-2.81
104071,-4.24,57.36,-2.68
104081,-4.16,57.47,-2.73
104141,-4.66,57.14,-3.29
104151,-4.65,57.16,-3.48
104181,-4.35,56.84,-3.33
104201,-4.12,56.78,-3.23
104211,-4.12,56.72,-3.12
104261,-5.54,56.85,-0.24
104271,-5.77,56.88,0.66
104291,-5.77,57.70,1.41
104321,-5.42,58.33,1.76
104331,-5.41,58.23,2.04
104341,-5.47,58.26,2.31
104351,-5.57,57.98,2.94
104391,-5.74,58.08,4.79
104401,-5.59,58.06,5.05
104411,-5.52,58.32,5.00
104421,-5.33,58.29,5.04
104431,-5.35,58.48,4.96
104441,-5.13,58.32,4.92
104461,-4.89,58.21,4.55
104471,-4.94,58.29,4.36
104481,-4.75,58.20,4.09
104491,-4.57,57.80,4.18
104501,-4.31,57.63,3.97
104511,-4.00,57.46,3.79
104531,-3.59,57.42,3.49
104541,-3.56,57.50,3.40
104551,-3.25,57.38,3.11
104561,-3.26,57.46,2.95
104591,-2.73,57.37,1.86
104601,-2.63,57.33,1.78
104611,-2.28,57.24,1.39
104621,-2.21,57.26,1.39
104661,-1.11,57.08,0.35
104681,-1.04,57.15,-0.25
104691,-1.11,57.19,-0.38
104721,-0.44,57.11,-0.70
104741,0.01,57.12,-0.87
104761,0.18,57.12,-1.11
104771,0.20,57.11,-1.24
104781,0.10,57.09,-1.34
104801,0.03,57.06,-1.55
104821,0.17,57.07,-1.72
104831,0.33,57.06,-1.82
104851,0.49,57.10,-1.73
104861,0.36,57.01,-1.71
104871,0.50,57.10,-1.63
104881,0.39,57.07,-1.58
104911,0.44,57.11,-1.60
104951,0.38,57.26,-1.31
104961,0.39,57.29,-1.24
104971,0.33,57.26,-1.20
104981,0.32,57.26,-1.19
105001,0.33,57.30,-1.11
105011,0.61,57.45,-0.85
105031,1.47,57.65,0.06
105061,2.45,57.20,1.35
105071,2.69,57.05,1.63
105081,2.61,56.85,1.78
105101,2.60,56.77,2.11
105121,2.72,56.85,2.61
105141,3.23,56.83,3.15
105151,3.33,56.82,3.40
105161,3.62,56.80,3.68
105171,3.68,56.98,4.05
105191,3.74,57.16,4.56
105201,3.78,57.12,4.69
105231,3.51,56.80,4.41
105241,3.50,56.89,4.47
105251,3.52,57.06,4.63
105271,3.54,56.96,4.64
105281,3.42,57.04,4.68
105301,3.06,56.98,4.48
105311,2.83,57.08,4.46
105321,2.76,57.28,4.71
105331,2.57,57.36,4.72
105361,2.32,57.40,4.77
105381,2.07,57.36,4.38
105391,1.89,57.31,4.05
105401,1.68,57.28,3.71
105411,1.59,57.40,3.74
105421,1.32,57.46,3.52
105441,1.24,57.45,3.29
105501,2.13,57.65,1.94
105511,1.91,57.83,1.78
105521,1.68,57.80,1.32
105531,1.43,57.79,0.94
105571,0.81,57.81,0.74
105581,0.75,57.84,0.89
105591,0.57,57.81,0.70
105611,0.34,57.76,0.32
105621,0.28,57.77,0.24
105631,0.13,57.75,-0.20
105681,-0.60,57.84,-0.69
105691,-0.71,57.85,-0.61
105701,-0.88,57.86,-0.72
105711,-0.90,57.91,-0.74
105771,-1.39,58.00,-1.10
105781,-1.42,58.09,-1.28
105791,-1.48,58.15,-1.37
105801,-1.50,58.16,-1.31
105811,-1.53,58.19,-1.26
105821,-1.57,58.18,-1.02
105861,-1.48,58.68,-0.53
105871,-1.41,58.88,-0.50
105881,-1.37,59.03,-0.41
105891,-1.31,59.27,-0.47
105901,-1.32,59.48,-0.53
105911,-1.27,59.69,-0.49
105921,-1.20,59.88,-0.34
105981,-0.72,61.38,0.49
105991,-0.72,61.65,0.49
106011,-0.55,62.20,0.69
106021,-0.40,62.50,0.81
106061,-0.07,63.81,1.01
106071,0.19,64.17,1.10
106121,0.36,65.95,1.01
106151,0.81,67.09,1.28
106161,0.93,67.48,1.30
106171,0.92,67.88,1.16
106181,1.06,68.28,1.08
106201,1.28,69.08,1.40
106211,1.44,69.52,1.74
106221,1.49,69.94,1.77
106231,1.50,70.37,1.82
106241,1.40,70.76,1.53
106251,1.10,71.17,1.12
106271,1.27,72.08,0.96
106281,1.45,72.53,0.94
106291,1.59,72.99,0.94
106301,1.67,73.55,1.35
106311,1.85,73.99,1.38
106321,1.90,74.51,1.59
106331,1.90,74.92,1.32
106351,1.29,75.77,-0.09
106371,0.05,76.53,-3.01
106381,-0.35,77.18,-3.79
106401,-0.78,78.23,-5.85
106411,-0.89,78.63,-6.78
106431,-0.52,79.58,-7.00
106441,-0.22,80.05,-6.97
106451,-0.03,80.40,-6.72
106461,0.15,80.77,-6.69
106481,-0.24,80.92,-7.18
106501,-0.88,81.12,-7.96
106531,-1.21,82.24,-8.52
106551,-1.08,82.86,-8.44
106561,-0.89,83.20,-8.20
106571,-0.69,83.52,-7.90
106581,-0.62,83.66,-7.78
106591,-0.64,83.72,-7.58
106601,-0.93,83.42,-7.63
106611,-1.06,83.52,-7.57
106621,-1.24,83.62,-7.59
106631,-1.43,83.71,-7.43
106651,-1.53,84.11,-7.07
106661,-1.42,84.40,-6.91
106681,-1.11,84.79,-5.97
106691,-1.07,84.77,-5.68
106701,-1.11,84.68,-5.36
106711,-1.25,84.57,-5.22
106731,-1.47,84.66,-4.91
106741,-1.55,84.71,-4.55
106751,-1.57,84.85,-4.51
106791,-1.52,84.78,-3.38
106801,-1.53,84.69,-3.07
106811,-1.34,84.75,-2.69
106831,-0.81,84.80,-2.25
106841,-0.57,84.74,-2.20
106861,-0.09,84.54,-1.75
106891,0.42,84.34,-0.90
106921,0.84,84.34,-0.19
106931,1.62,84.34,0.36
106941,2.69,84.30,1.08
107001,6.06,84.49,2.79
107021,6.35,84.41,3.21
107041,7.05,84.09,3.60
107051,7.60,83.94,3.90
107061,8.10,83.69,4.01
107101,8.59,84.00,4.48
107131,7.83,84.19,4.31
107141,7.74,84.00,4.22
107161,7.62,83.98,4.22
107201,7.40,84.09,3.95
107221,6.90,84.00,3.50
107231,6.91,83.52,3.31
107241,6.42,83.76,3.18
107291,5.05,83.42,2.49
107311,4.02,83.74,1.93
107321,3.82,83.58,1.67
107381,1.95,83.75,0.54
107391,1.55,83.84,0.41
107401,1.45,83.71,0.26
107441,0.04,83.80,-0.34
107451,-0.04,83.75,-0.50
107461,-0.43,83.78,-0.65
107501,-0.96,83.68,-1.21
107541,-1.17,83.53,-1.25
107551,-1.08,83.53,-1.29
107601,-1.36,83.36,-1.41
107621,-1.12,83.22,-1.18
107631,-1.21,83.20,-1.20
107641,-1.14,83.28,-1.28
107681,-0.97,83.03,-0.99
107691,-1.01,83.02,-0.94
107711,-0.91,83.04,-0.87
107721,-0.83,82.93,-0.73
107741,-0.34,82.94,-0.62
107751,-0.30,83.13,-0.85
107761,-0.31,83.12,-0.85
107771,-0.29,83.18,-0.91
107781,-0.30,83.06,-0.70
107791,-0.08,83.09,-0.61
107801,-0.04,82.98,-0.34
107821,0.10,83.09,-0.27
107831,0.23,83.08,-0.18
107841,0.33,83.16,-0.25
107871,0.67,83.03,0.11
107881,0.84,83.10,0.02
107891,0.77,83.06,0.09
107901,0.80,83.10,0.02
107911,0.82,83.07,0.19
107921,0.98,83.03,0.35
107931,1.01,83.00,0.49
107951,1.19,83.04,0.51
107971,1.36,83.07,0.44
107981,1.39,83.06,0.55
108001,1.33,83.08,0.57
108011,1.40,83.09,0.54
108021,1.38,83.09,0.59
108031,1.50,83.07,0.63
108041,1.41,83.08,0.75
108071,1.50,83.09,0.83
108091,1.21,83.15,0.88
108101,1.21,83.15,0.76
108141,1.08,83.21,0.59
108151,1.01,83.24,0.59
108161,1.09,83.25,0.53
108191,0.87,83.34,0.60
108211,0.72,83.39,0.64
108221,0.55,83.42,0.71
108281,0.56,83.46,0.16
108291,0.59,83.46,0.04
108301,0.53,83.47,0.09
108311,0.65,83.44,0.25
108331,0.50,83.44,0.61
108341,0.45,83.44,0.87
108351,0.31,83.46,0.93
108361,0.36,83.46,0.90
108371,0.14,83.49,0.83
108401,0.37,83.51,0.59
108441,0.23,83.68,0.62
108451,0.09,83.73,0.72
108461,0.24,83.76,0.71
108471,0.06,83.82,0.76
108501,-0.39,84.04,0.71
108511,-0.24,84.09,0.65
108531,0.02,84.22,0.62
108541,0.00,84.31,0.64
108551,0.18,84.38,0.62
108561,0.08,84.50,0.53
108581,-0.02,84.66,0.44
108601,-0.15,84.78,0.49
108621,-0.06,84.88,0.53
108641,0.09,85.01,0.44
108651,0.05,85.08,0.35
108671,0.07,85.21,0.13
108691,-0.15,85.32,0.07
108701,-0.33,85.37,0.14
108711,-0.90,85.42,0.25
108721,-1.50,85.47,0.41
108731,-2.73,85.51,0.58
108741,-4.12,85.55,0.71
108761,-5.84,85.64,0.78
108781,-6.85,85.72,0.57
108791,-6.85,85.66,0.53
108801,-7.15,85.73,0.31
108811,-7.22,85.66,0.27
108821,-7.63,85.65,0.20
108831,-7.93,85.54,0.27
108841,-8.59,85.58,0.25
108851,-9.10,85.61,0.25
108861,-9.80,85.63,0.29
108871,-10.40,85.64,0.33
108891,-10.64,85.68,0.31
108901,-10.64,85.85,0.17
108911,-10.60,85.88,0.10
108921,-10.46,85.91,0.03
108941,-10.24,85.57,0.13
108951,-10.29,85.54,0.14
108961,-10.41,85.50,0.18
108981,-10.37,85.41,0.31
108991,-10.14,85.38,0.36
109001,-9.85,85.36,0.38
109011,-9.61,85.36,0.35
109031,-9.03,85.39,0.21
109041,-8.62,85.22,0.23
109061,-7.96,84.99,0.27
109081,-7.38,84.84,0.33
109091,-7.30,84.76,0.37
109101,-6.72,84.68,0.42
109131,-5.06,84.57,0.39
109141,-4.79,84.45,0.39
109151,-4.23,84.35,0.39
109161,-4.09,84.26,0.39
109171,-3.67,84.17,0.38
109181,-3.63,84.10,0.37
109221,-2.21,83.79,0.41
109231,-1.68,83.75,0.37
109251,-1.01,83.66,0.26
109261,-0.66,83.63,0.13
109271,-0.72,83.62,0.03
109281,-0.42,83.59,-0.17
109331,0.36,83.49,-0.35
109341,0.71,83.42,-0.51
109351,0.77,83.29,-0.75
109381,1.43,83.15,-1.10
109411,1.83,83.26,-0.75
109461,1.94,83.49,-0.37
109471,1.91,83.33,-0.61
109481,1.81,83.26,-0.76
109511,1.70,83.29,-0.95
109521,1.56,83.26,-0.95
109531,1.33,83.23,-0.91
109561,1.19,83.41,-0.57
109571,1.04,83.38,-0.52
109581,0.87,83.34,-0.51
109641,-0.03,83.16,-0.61
109661,-0.12,83.25,-0.34
109671,-0.18,83.26,-0.24
109721,-0.87,83.19,-0.38
109731,-0.95,83.25,-0.28
109741,-1.07,83.26,-0.24
109751,-1.14,83.23,-0.22
109791,-1.16,83.27,-0.18
109801,-1.12,83.27,-0.25
109811,-1.33,83.26,-0.31
109821,-1.32,83.27,-0.31
109831,-1.26,83.33,-0.13
109901,4.68,83.37,-0.90
109911,5.47,83.39,-0.97
109921,5.52,83.42,-0.85
109931,5.93,83.52,-0.62
109951,6.34,83.60,-0.07
109971,7.42,83.55,0.30
109981,8.00,83.39,0.26
110001,9.19,83.49,0.31
110021,10.01,83.61,0.12
110041,9.95,83.83,0.07
110051,9.90,84.07,0.26
110061,9.78,84.20,0.43
110071,9.81,84.18,0.55
110081,9.75,84.27,0.72
110101,9.86,83.84,0.54
110111,10.02,83.78,0.42
110121,9.99,83.73,0.26
110131,9.86,83.86,0.21
110171,8.53,84.38,0.40
110181,8.35,84.11,0.35
110191,7.84,84.02,0.35
110201,7.76,83.72,0.24
110221,7.12,83.62,0.13
110231,6.58,83.67,0.10
110251,5.79,83.74,0.08
110261,5.51,83.77,0.11
110271,4.80,83.82,0.15
110291,3.93,83.48,0.02
110301,3.36,83.46,0.07
110311,3.22,83.35,0.06
110321,2.78,83.35,0.13
110331,2.67,83.35,0.21
110351,2.17,83.39,0.41
110371,1.50,83.37,0.53
110381,1.03,83.38,0.57
110391,0.85,83.35,0.57
110401,0.34,83.36,0.54
110421,-0.08,83.34,0.52
110441,-0.31,83.31,0.50
110451,-0.63,83.33,0.47
110461,-0.64,83.30,0.50
110471,-0.95,83.33,0.45
110481,-0.91,83.28,0.47
110491,-1.30,83.29,0.47
110501,-1.36,83.21,0.53
110521,-1.58,83.19,0.42
110551,-1.82,83.30,0.10
110561,-1.84,83.36,0.04
110571,-1.61,83.35,0.09
110581,-1.65,83.46,0.08
110591,-1.61,83.66,0.00
110611,-1.62,84.24,-0.34
110621,-1.57,84.47,-0.45
110641,-1.46,84.77,-0.43
110681,-0.95,85.92,-0.66
110701,-0.76,86.25,-0.44
110721,-0.55,86.88,-0.40
110731,-0.42,87.19,-0.36
110741,-0.16,87.61,-0.44
110751,-0.10,87.94,-0.47
110761,-0.01,88.27,-0.49
110771,-0.00,88.58,-0.48
110781,0.25,88.94,-0.42
110811,0.58,90.13,-0.41
110821,0.53,90.53,-0.47
110841,0.71,91.35,-0.52
110851,1.03,91.79,-0.45
110861,1.09,92.13,-0.24
110871,1.32,92.54,-0.09
110891,1.57,93.44,-0.05
110901,1.54,93.85,-0.01
110911,1.56,94.32,-0.18
110931,1.39,95.19,-0.31
110941,1.34,95.61,-0.27
110951,1.41,96.05,-0.24
110961,1.65,96.51,-0.13
110981,1.87,97.39,0.08
110991,1.79,97.81,0.20
111001,1.86,98.26,0.26
111011,1.71,98.70,0.28
111031,1.48,99.61,0.09
111041,1.46,100.08,0.18
111081,1.39,101.89,0.05
111101,1.47,102.79,0.09
111111,1.63,103.22,0.01
111121,1.40,103.65,0.03
111151,1.29,104.79,-0.23
111161,1.18,105.11,-0.53
111171,1.33,105.42,-0.65
111181,1.27,105.71,-0.77
111211,1.13,106.50,-0.37
111221,1.26,106.74,-0.44
111241,1.06,107.16,-0.65
111251,0.49,107.34,-0.69
111261,-0.06,107.53,-0.84
111271,-1.37,107.67,-0.78
111281,-2.30,107.84,-0.55
111291,-3.86,107.95,-0.27
111301,-4.48,108.15,-0.28
111321,-6.41,108.47,-0.54
111331,-6.16,108.89,-1.14
111341,-6.50,109.09,-1.46
111351,-6.29,109.40,-1.84
111371,-6.74,110.04,-2.51
111391,-7.85,110.24,-2.23
111401,-8.85,109.91,-1.51
111411,-9.22,110.30,-1.11
111421,-10.02,110.61,-0.71
111461,-11.13,111.80,0.44
111471,-11.15,111.91,0.58
111481,-11.07,112.02,0.64
111491,-11.19,111.48,1.06
111501,-11.29,111.07,1.46
111511,-11.45,110.52,2.00
111521,-11.61,110.15,2.53
111531,-11.77,109.86,3.02
111551,-11.76,110.01,3.53
111561,-11.75,109.55,3.95
111601,-10.64,108.90,3.82
111611,-10.46,108.29,3.90
111631,-9.97,107.09,4.12
111641,-9.48,106.44,4.21
111671,-8.78,105.66,4.24
111691,-7.87,105.43,3.54
111711,-5.74,105.94,1.55
111721,-5.23,106.05,0.94
111741,-3.82,106.61,-0.65
111751,-2.82,106.86,-1.44
111761,-2.53,106.92,-1.62
111771,-1.64,107.06,-2.03
111781,-1.41,107.12,-2.00
111791,-0.59,107.37,-2.34
111801,-0.40,107.48,-2.31
111811,0.47,107.80,-2.84
111821,0.68,107.96,-3.00
111841,2.33,108.56,-4.26
111861,3.16,109.04,-4.83
111871,3.28,109.09,-5.13
111891,4.03,109.39,-5.70
111901,4.56,109.56,-5.98
111921,4.93,109.70,-6.03
111931,4.91,109.52,-6.05
111951,4.94,109.66,-5.60
111971,5.09,110.01,-5.05
111981,4.97,109.49,-5.16
111991,4.88,109.68,-4.80
112001,4.59,109.19,-4.78
112021,3.95,109.49,-3.85
112031,3.55,109.82,-3.17
112051,2.86,110.37,-1.85
112061,2.49,110.17,-1.47
112071,2.18,110.45,-0.83
112081,1.86,110.30,-0.53
112111,0.96,110.73,0.58
112121,0.72,110.99,0.96
112131,0.48,110.81,1.00
112151,-0.15,111.06,1.49
112171,-0.53,111.28,2.05
112181,-0.74,111.39,2.36
112191,-0.90,111.32,2.45
112201,-1.14,111.31,2.56
112231,-1.29,111.20,2.55
112241,-0.92,110.99,2.05
112261,0.06,110.96,0.93
112311,1.61,111.68,-0.55
112321,1.55,111.84,-0.45
112331,1.62,111.96,-0.20
112361,2.20,112.01,-0.24
112431,2.62,112.23,-2.09
112441,2.81,112.36,-1.92
112451,2.89,112.46,-1.74
112461,3.17,112.54,-1.55
112491,3.64,112.62,-1.48
112531,3.49,112.60,-2.22
112541,3.54,112.63,-2.34
112551,3.60,112.66,-2.38
112561,3.63,112.59,-2.51
112571,3.69,112.61,-2.48
112581,3.79,112.55,-2.55
112591,3.82,112.60,-2.43
112621,3.53,112.58,-2.33
112641,3.21,112.59,-2.27
112651,3.16,112.66,-2.21
112671,3.03,112.54,-2.35
112691,2.94,112.53,-2.34
112711,2.72,112.56,-2.18
112721,2.63,112.60,-2.05
112751,1.83,112.49,-1.85
112791,0.68,112.35,-1.78
112811,0.44,112.30,-1.60
112821,0.40,112.26,-1.58
112841,0.11,112.19,-1.37
112851,-0.17,112.15,-1.06
112861,-0.47,112.10,-0.92
112891,-0.81,111.99,-1.10
112911,-1.00,111.90,-0.94
112921,-1.11,111.81,-0.31
112931,-1.25,111.78,0.39
112991,-2.67,111.82,7.04
113001,-2.78,112.03,7.03
113011,-2.87,111.99,7.32
113021,-2.87,112.11,7.04
113031,-2.81,112.02,7.02
113081,-2.30,111.74,8.25
113091,-2.28,111.66,8.89
113101,-2.30,111.87,9.06
113111,-2.36,111.89,9.38
113121,-2.35,111.79,9.52
113131,-2.43,112.00,9.36
113151,-2.08,111.74,9.24
113161,-1.76,111.62,9.11
113171,-1.43,111.59,9.03
113181,-1.00,111.38,9.03
113191,-0.77,111.49,9.09
113201,-0.53,111.45,9.24
113211,-0.54,111.84,9.25
113231,-0.17,111.58,9.12
113241,-0.06,111.56,8.87
113261,0.34,111.24,8.26
113281,0.64,111.20,7.88
113291,0.84,111.14,7.57
113311,1.12,111.11,7.28
113321,1.16,111.18,7.23
113331,1.36,111.01,6.84
113341,1.44,110.99,6.66
113361,1.78,110.58,5.47
113371,1.82,110.63,5.16
113381,2.05,110.37,4.54
113391,2.10,110.39,4.31
113411,2.32,110.19,3.66
113421,2.34,110.14,3.33
113431,2.29,110.21,3.32
113441,2.26,110.14,3.03
113451,2.19,110.20,3.06
113461,2.09,110.13,2.66
113481,1.87,110.20,2.31
113501,1.81,110.25,1.84
113521,1.73,110.37,1.44
113541,1.60,110.46,1.06
113551,1.47,110.42,0.67
113571,1.28,110.49,0.30
113591,1.17,110.59,-0.15
113611,1.02,110.67,-0.66
113621,0.94,110.69,-0.99
113651,0.88,110.95,-1.33
113661,0.99,110.99,-2.00
113671,1.18,111.13,-2.64
113681,1.41,111.18,-4.04
113691,1.47,111.25,-4.99
113701,1.59,111.27,-6.58
113711,1.57,111.33,-7.42
113721,1.65,111.42,-8.72
113751,1.79,111.84,-9.50
113761,1.90,111.92,-9.59
113771,2.03,112.02,-9.50
113781,2.12,111.94,-9.63
113791,2.30,112.00,-9.85
113811,2.45,111.92,-10.65
113871,1.91,111.76,-10.84
113881,2.10,112.04,-10.77
113951,1.69,111.36,-9.97
113981,1.39,111.51,-9.08
114011,1.66,111.98,-8.52
114021,1.52,111.78,-7.96
114031,1.28,111.51,-7.37
114081,-0.36,111.38,-5.66
114091,-0.61,111.38,-4.99
114101,-0.58,111.63,-4.86
114111,-0.69,111.57,-4.30
114121,-0.62,111.72,-4.20
114201,-1.99,111.23,-1.17
114221,-1.91,111.21,-0.60
114231,-1.88,111.29,-0.63
114241,-1.95,111.19,-0.22
114261,-2.04,111.15,0.18
114271,-2.12,111.06,0.59
114281,-2.10,111.13,0.63
114301,-2.02,111.13,1.00
114311,-1.96,111.05,1.31
114331,-1.80,111.04,1.49
114351,-1.77,111.08,1.68
114381,-1.70,111.15,1.82
114401,-1.48,110.92,2.27
114411,-1.42,110.98,2.19
114421,-1.31,110.90,2.35
114431,-1.19,110.94,2.19
114441,-1.07,110.87,2.28
114451,-0.95,110.89,2.14
114461,-0.78,110.77,2.21
114471,-0.79,110.87,2.08
114491,-0.67,110.81,2.07
114511,-0.51,110.67,2.15
114521,-0.50,110.62,2.34
114531,-0.47,110.59,2.50
114541,-0.37,110.56,2.34
114551,-0.33,110.54,2.34
114561,-0.30,110.56,2.16
114571,-0.27,110.51,2.29
114591,-0.29,110.48,2.47
114601,-0.39,110.56,2.50
114621,-0.20,110.45,2.07
114641,0.11,110.27,1.39
114651,0.30,110.17,1.14
114661,0.37,110.14,1.10
114671,0.22,110.29,1.29
114691,0.11,110.35,1.37
114711,0.27,110.18,1.02
114731,0.37,110.11,0.40
114741,0.53,110.03,0.04
114751,0.59,110.01,-0.21
114761,0.62,110.01,-0.34
114771,0.54,110.05,-0.48
114781,0.59,110.02,-0.53
114791,0.64,109.98,-0.60
114811,0.60,109.98,-0.65
114831,0.53,109.99,-0.76
114841,0.45,109.98,-0.98
114861,0.51,109.93,-1.46
114871,0.55,109.91,-1.72
114881,0.66,109.88,-2.01
114891,0.79,109.86,-2.28
114901,0.91,109.85,-2.39
114911,0.93,109.82,-2.60
114921,0.99,109.83,-2.51
114941,0.95,109.79,-2.53
114961,0.76,109.78,-2.24
114991,0.56,109.76,-2.02
115001,0.54,109.77,-1.89
115011,0.47,109.72,-1.97
115021,0.50,109.74,-1.85
115031,0.54,109.75,-1.73
115041,0.57,109.72,-1.87
115061,0.58,109.69,-1.79
115081,0.50,109.64,-1.61
115091,0.44,109.64,-1.31
115111,0.29,109.57,-1.13
115121,0.26,109.52,-1.18
115131,0.32,109.51,-0.94
115141,0.32,109.47,-0.92
115151,0.33,109.43,-0.69
115161,0.34,109.40,-0.47
115171,0.35,109.33,-0.54
115181,0.32,109.28,-0.26
115191,0.28,109.20,-0.27
115211,0.13,109.05,-0.07
115241,-0.29,108.90,2.43
115301,-0.93,108.39,7.58
115321,-1.07,108.22,7.82
115331,-1.15,108.16,8.01
115351,-1.23,108.00,8.34
115411,-1.38,107.54,9.93
115421,-1.51,107.59,9.89
115431,-1.51,107.48,9.85
115441,-1.51,107.36,9.79
115451,-1.50,107.25,9.65
115471,-1.49,107.09,9.51
115481,-1.46,107.04,9.46
115491,-1.58,107.20,9.69
115501,-1.52,107.10,9.74
115511,-1.65,107.27,9.83
115521,-1.55,107.10,9.51
115541,-1.59,107.12,8.85
115551,-1.61,107.05,8.93
115561,-1.61,107.05,8.58
115571,-1.50,106.97,7.99
115581,-1.43,106.94,7.65
115591,-1.21,106.75,6.98
115601,-1.20,106.87,6.59
115621,-1.05,106.94,5.76
115641,-1.08,107.13,5.53
115651,-0.88,107.11,5.13
115671,-0.47,107.28,4.82
115681,-0.04,107.31,4.08
115701,0.41,107.63,3.14
115711,0.53,107.81,2.77
115731,0.81,108.03,1.78
115741,0.93,108.12,1.36
115761,1.19,108.29,0.94
115781,1.69,108.39,0.11
115801,2.10,108.55,-0.59
115821,2.42,108.66,-1.46
115841,2.81,108.79,-2.18
115851,2.99,108.82,-2.61
115861,3.12,108.93,-2.71
115871,3.20,108.96,-2.89
115881,3.33,108.97,-3.10
115891,3.48,109.00,-3.29
115901,3.43,109.09,-3.04
115911,3.42,109.12,-2.98
115921,3.37,109.18,-2.82
115931,3.36,109.17,-2.85
115941,3.32,109.16,-2.85
115951,3.27,109.20,-2.76
115961,3.22,109.19,-2.72
115971,3.17,109.24,-2.58
115991,2.97,109.37,-2.10
116001,2.94,109.44,-1.93
116011,2.80,109.42,-1.74
116041,2.55,109.49,-1.14
116051,2.72,109.54,-1.21
116061,3.05,109.58,-1.45
116071,3.59,109.65,-1.84
116081,4.16,109.71,-2.24
116091,4.70,109.72,-2.68
116111,5.08,109.64,-2.67
116121,5.06,109.66,-2.44
116131,4.92,109.67,-2.09
116141,4.69,109.67,-1.64
116151,4.45,109.61,-1.25
116171,4.58,109.63,-1.08
116181,4.66,109.48,-1.27
116191,4.88,109.55,-1.38
116211,5.09,109.69,-1.45
116221,5.04,109.65,-1.51
116231,5.04,109.93,-1.16
116241,4.87,109.93,-1.01
116251,4.86,109.94,-0.96
116261,4.74,109.88,-0.97
116271,4.68,109.94,-0.95
116281,4.47,109.88,-1.07
116311,4.25,109.86,-1.81
116321,4.25,110.15,-1.65
116331,4.00,110.07,-1.79
116341,3.97,110.31,-1.53
116361,3.77,110.36,-1.43
116381,3.43,110.35,-1.39
116391,3.15,110.25,-1.57
116411,3.08,110.16,-2.41
116431,2.91,110.21,-2.93
116451,2.65,110.39,-2.76
116461,2.31,110.35,-2.55
116471,2.24,110.44,-2.34
116481,1.88,110.39,-2.04
116501,1.45,110.40,-1.69
116521,1.05,110.39,-1.81
116531,1.18,110.51,-2.17
116541,0.95,110.47,-2.46
116561,0.70,110.49,-2.78
116571,0.45,110.42,-2.63
116581,0.48,110.51,-2.38
116591,0.15,110.40,-2.02
116611,-0.03,110.43,-1.46
116621,-0.04,110.49,-1.32
116631,-0.26,110.49,-1.37
116651,-0.56,110.45,-1.24
116661,-0.52,110.48,-1.18
116671,-0.73,110.41,-1.10
116701,-0.78,110.57,-1.16
116741,-0.79,110.56,-0.66
116761,-0.94,110.45,-0.22
116781,-1.35,110.38,0.27
116791,-1.73,110.36,0.68
116821,-3.95,110.18,2.72
116831,-4.60,110.12,3.42
116851,-5.16,110.27,3.99
116871,-5.21,110.28,4.12
116891,-5.06,110.28,3.92
116901,-5.15,110.27,3.90
116911,-5.34,110.30,3.89
116921,-5.33,110.34,3.79
116931,-5.60,110.52,3.82
116941,-5.81,110.36,4.16
116951,-6.17,110.35,4.56
116961,-6.40,110.16,5.07
116971,-6.29,110.06,5.27
116981,-6.19,110.20,5.25
117041,-5.20,110.36,4.42
117051,-5.09,110.19,4.66
117061,-4.88,110.20,4.74
117081,-4.51,110.11,5.04
117091,-4.30,110.13,5.01
117101,-4.15,110.27,4.84
117111,-3.84,110.43,4.41
117121,-3.58,110.52,4.03
117161,-2.67,109.93,3.88
117171,-2.37,109.92,3.81
117181,-2.22,109.83,4.00
117191,-1.91,109.88,3.82
117241,-0.58,109.89,2.21
117251,-0.30,109.82,2.08
117261,0.18,109.78,1.53
117271,0.33,109.78,1.58
117281,0.66,109.77,1.26
117291,0.78,109.79,1.36
117301,1.00,109.78,1.08
117311,1.15,109.78,0.92
117341,1.52,109.73,0.10
117361,1.72,109.75,-0.18
117371,1.81,109.71,-0.41
117381,1.81,109.74,-0.35
117391,1.83,109.70,-0.46
117441,1.52,109.84,-0.13
117451,1.41,109.76,-0.29
117461,1.30,109.67,-0.48
117471,1.27,109.80,-0.37
117481,1.23,109.68,-0.71
117491,1.20,109.81,-0.61
117511,1.12,109.85,-0.72
117531,1.01,109.85,-0.73
117551,0.84,109.81,-0.75
117561,0.66,109.65,-1.00
117581,0.78,109.47,-1.73
117611,0.50,109.25,-2.40
117631,0.20,109.26,-2.02
117641,0.17,109.25,-1.96
117661,-0.12,109.19,-1.61
117681,-0.52,109.06,-1.48
117701,-0.95,108.96,-1.37
117741,-1.59,108.86,-1.10
117771,-1.89,108.85,-0.23
117791,-2.50,108.89,-0.96
117811,-3.56,108.98,-2.40
117821,-4.41,108.93,-3.15
117861,-5.46,109.44,-4.14
117881,-5.76,109.46,-3.41
117891,-6.02,109.42,-3.08
117941,-7.89,109.06,-2.75
117951,-8.06,109.21,-3.05
117961,-8.05,109.32,-3.23
117971,-7.99,109.33,-3.33
117991,-7.74,109.13,-3.14
118001,-7.66,108.80,-2.77
118011,-7.87,108.06,-2.15
118021,-7.81,108.01,-1.93
118031,-8.04,107.68,-1.64
118041,-7.86,107.83,-1.65
118051,-7.88,107.63,-1.57
118061,-7.55,107.89,-1.86
118081,-6.93,107.81,-2.26
118091,-6.79,107.34,-2.20
118161,-4.17,107.16,-2.87
118171,-3.55,107.35,-3.03
118181,-3.33,107.35,-3.14
118211,-1.62,107.76,-3.10
118221,-1.60,107.58,-2.76
118241,-0.65,107.67,-1.86
118261,-0.10,107.86,-1.51
118271,-0.02,107.91,-1.51
118321,0.96,108.40,-0.91
118331,0.81,108.50,-0.53
118341,1.23,108.61,-0.31
118351,1.18,108.65,-0.17
118421,1.93,109.06,0.19
118431,2.03,109.05,0.18
118441,1.90,109.25,0.44
118491,1.75,109.54,1.09
118501,1.47,109.72,1.22
118551,1.16,109.86,1.26
118561,1.10,109.82,1.17
118571,1.05,109.88,1.17
118621,2.47,110.29,1.41
118631,2.57,110.55,1.45
118691,2.95,110.57,0.77
118701,2.93,110.60,0.80
118711,3.14,110.49,0.80
118771,3.38,110.44,0.41
118781,3.34,110.34,0.23
118791,3.19,110.40,0.24
118801,3.11,110.38,0.18
118811,3.01,110.49,0.30
118821,2.95,110.46,0.27
118831,2.91,110.47,0.30
118841,2.88,110.47,0.28
118861,2.71,110.39,0.03
118891,2.41,110.43,-0.15
118911,2.10,110.38,-0.35
118991,1.38,110.20,-1.15
119001,1.21,110.21,-1.18
119011,1.11,110.18,-1.31
119071,0.72,109.91,-1.80
119081,0.70,109.88,-1.88
119091,0.66,109.85,-1.92
119111,0.50,109.79,-1.85
119121,0.37,109.75,-1.77
119171,-0.10,109.62,-1.33
119181,-0.16,109.60,-1.28
119231,-0.25,109.53,-1.05
119281,0.10,109.53,-0.99
119301,-0.30,109.45,-0.98
119311,-0.49,109.40,-0.93
119331,-0.67,109.36,-0.87
119341,-0.63,109.37,-0.93
119351,-0.45,109.44,-1.19
119411,-0.42,109.35,-0.52
119431,-0.42,109.36,-0.23
119441,-0.53,109.34,-0.07
119491,0.07,109.45,0.06
119501,-0.10,109.45,0.30
119511,-0.05,109.43,0.57
119531,-0.00,109.45,0.96
119581,0.43,109.56,1.08
119591,0.39,109.63,1.01
119621,0.75,109.65,0.62
119631,0.65,109.72,0.79
119651,0.77,109.75,0.95
119661,0.85,109.77,0.95
119701,0.94,109.92,1.02
119711,1.06,109.92,1.02
119731,1.16,109.94,0.65
119751,1.15,110.01,0.50
119771,1.32,110.02,0.49
119781,1.24,110.07,0.56
119791,1.23,110.08,0.56
119801,1.28,110.07,0.49
119821,1.29,110.06,0.33
119831,1.38,110.10,0.54
119841,1.45,110.11,0.54
119851,1.39,110.17,0.66
119861,1.24,110.17,0.46
119921,0.28,110.14,-0.79
119931,0.21,110.14,-0.89
119951,0.39,110.19,-0.71
119961,0.54,110.23,-0.74
119971,0.66,110.26,-0.59
119991,0.59,110.27,0.01
120001,0.33,110.27,0.25
120021,-0.30,110.30,0.46
120031,-0.28,110.33,0.46
120041,-0.16,110.35,0.47
120051,0.08,110.38,0.39
120061,0.26,110.43,0.13
120121,1.67,111.36,-0.57
120131,1.79,111.59,-0.82
120141,2.09,111.89,-0.77
120151,2.62,112.27,-0.56
120161,3.21,112.62,-0.59
120181,3.83,113.27,-0.67
120191,2.74,113.58,-0.56
120201,2.03,113.91,-0.50
120211,1.79,115.17,1.19
120221,1.88,115.87,1.88
120241,-1.45,116.93,4.53
120251,-0.57,117.44,3.98
120261,0.82,117.61,3.35
120271,2.20,117.76,2.77
120281,3.02,118.36,1.96
120291,3.70,118.98,1.45
120301,1.89,120.58,3.20
120321,-4.48,121.55,5.73
120341,-2.41,120.36,5.09
120371,-2.27,121.17,3.27
120381,-2.33,121.42,2.96
120411,-2.33,121.81,2.32
120451,-2.18,121.91,1.95
120521,-1.95,121.87,1.83
120581,-1.65,121.87,1.36
120601,-1.45,121.84,1.15
120621,-1.37,121.78,1.05
120631,-1.36,121.73,1.08
120651,-1.41,121.65,1.00
120671,-1.33,121.61,0.85
120681,-1.30,121.56,0.82
120691,-1.26,121.52,0.83
120701,-1.28,121.49,0.77
120721,-1.17,121.40,0.71
120731,-1.14,121.36,0.72
120741,-1.10,121.34,0.58
120761,-1.09,121.25,0.60
120781,-0.99,121.19,0.44
120791,-0.83,121.18,0.26
120801,-0.81,121.15,0.16
120811,-0.81,121.10,0.21
120821,-0.86,121.04,0.17
120831,-0.82,121.00,0.13
120841,-0.80,120.97,0.09
120861,-0.74,120.89,-0.05
120881,-0.65,120.82,-0.09
120891,-0.63,120.77,-0.12
120901,-0.56,120.75,-0.27
120911,-0.56,120.69,-0.21
120931,-0.65,120.57,-0.14
120941,-0.61,120.53,-0.20
120951,-0.57,120.49,-0.24
120961,-0.54,120.45,-0.29
120971,-0.51,120.41,-0.39
120981,-0.48,120.37,-0.42
120991,-0.40,120.34,-0.50
121001,-0.39,120.30,-0.51
121031,-0.41,120.14,-0.48
121051,-0.31,120.07,-0.54
121071,-0.45,119.93,-0.44
121091,-0.30,119.87,-0.70
121101,-0.28,119.82,-0.79
121121,-0.15,119.76,-0.85
121131,-0.22,119.69,-0.72
121151,-0.26,119.57,-0.84
121161,-0.16,119.55,-0.85
121171,-0.15,119.50,-0.87
121221,-0.09,119.26,-0.98
121231,-0.09,119.22,-0.93
121241,-0.14,119.16,-0.90
121251,-0.11,119.11,-0.94
121271,-0.01,119.03,-1.12
121281,-0.01,118.98,-1.12
121291,0.06,118.94,-1.18
121301,0.04,118.89,-1.18
